1.data = {
    "专家编号": [1, 2, 3, 4, 5, 6, 7, 8, 9, 10, 11, 12, 13, 14, 15, 16, 17, 18, 19, 20],
    "感染面积比例 (%)": [28, 25, 30, 27, 26, 29, 32, 24, 28, 31, 26, 29, 25, 30, 27, 26, 30, 28, 27, 29],
    "病斑密度 (1-10)": [7, 6, 7, 6, 5, 6, 8, 6, 7, 7, 6, 7, 5, 7, 6, 5, 7, 6, 6, 7],
    "孢子产生量 (1-5)": [4, 3, 4, 3, 3, 4, 4, 3, 4, 4, 3, 4, 3, 4, 3, 3, 4, 3, 3, 4],
    "颜色鲜艳度 (1-5)": [4, 4, 5, 4, 3, 4, 5, 3, 4, 5, 3, 4, 4, 5, 4, 3, 4, 4, 4, 4],
    "总体严重程度 (1-9)": [6, 5, 7, 6, 5, 6, 7, 5, 6, 7, 5, 6, 5, 7, 6, 5, 6, 6, 5, 6]
}

2.data = {
    "专家编号": [1, 2, 3, 4, 5, 6, 7, 8, 9, 10, 11, 12, 13, 14, 15, 16, 17, 18, 19, 20],
    "感染面积比例 (%)": [22, 20, 25, 18, 23, 21, 24, 19, 22, 26, 20, 23, 19, 24, 21, 20, 23, 22, 25, 21],
    "病斑密度 (1-10)": [5, 4, 6, 4, 5, 5, 6, 4, 5, 6, 4, 5, 4, 6, 5, 4, 5, 5, 6, 5],
    "孢子产生量 (1-5)": [3, 2, 3, 2, 3, 3, 3, 2, 3, 4, 2, 3, 2, 3, 3, 2, 3, 3, 3, 3],
    "颜色鲜艳度 (1-5)": [4, 3, 4, 3, 4, 3, 4, 3, 4, 4, 3, 4, 3, 4, 3, 3, 4, 3, 4, 4],
    "总体严重程度 (1-9)": [5, 4, 5, 3, 5, 4, 5, 4, 5, 6, 4, 5, 4, 5, 4, 4, 5, 4, 5, 5]
}

3.data = {
    "专家编号": [1, 2, 3, 4, 5, 6, 7, 8, 9, 10, 11, 12, 13, 14, 15, 16, 17, 18, 19, 20],
    "感染面积比例 (%)": [18, 15, 20, 16, 19, 17, 21, 14, 18, 22, 16, 19, 15, 20, 17, 16, 19, 18, 21, 17],
    "病斑密度 (1-10)": [4, 3, 5, 4, 4, 4, 5, 3, 4, 5, 4, 4, 3, 5, 4, 3, 4, 4, 5, 4],
    "孢子产生量 (1-5)": [3, 2, 3, 2, 3, 3, 3, 2, 3, 4, 2, 3, 2, 3, 3, 2, 3, 3, 3, 3],
    "颜色鲜艳度 (1-5)": [4, 3, 4, 3, 4, 3, 4, 3, 4, 4, 3, 4, 3, 4, 3, 3, 4, 3, 4, 4],
    "总体严重程度 (1-9)": [4, 3, 5, 3, 4, 4, 5, 3, 4, 5, 3, 4, 3, 5, 4, 3, 4, 4, 5, 4]
}

4.data = {
    "专家编号": [1, 2, 3, 4, 5, 6, 7, 8, 9, 10, 11, 12, 13, 14, 15, 16, 17, 18, 19, 20],
    "感染面积比例 (%)": [15, 12, 18, 14, 16, 13, 17, 11, 15, 19, 13, 16, 12, 17, 14, 13, 16, 15, 18, 14],
    "病斑密度 (1-10)": [4, 3, 5, 4, 4, 3, 4, 3, 4, 5, 3, 4, 3, 5, 4, 3, 4, 4, 5, 4],
    "孢子产生量 (1-5)": [3, 2, 4, 3, 3, 2, 3, 2, 3, 4, 2, 3, 2, 3, 3, 2, 3, 3, 4, 3],
    "颜色鲜艳度 (1-5)": [4, 3, 5, 4, 4, 3, 4, 3, 4, 5, 3, 4, 3, 4, 4, 3, 4, 4, 5, 4],
    "总体严重程度 (1-9)": [4, 3, 5, 4, 4, 3, 4, 2, 4, 5, 3, 4, 3, 4, 4, 3, 4, 4, 5, 4]
}

5.data = {
    "专家编号": [1, 2, 3, 4, 5, 6, 7, 8, 9, 10, 11, 12, 13, 14, 15, 16, 17, 18, 19, 20],
    "感染面积比例 (%)": [35, 32, 38, 30, 36, 34, 39, 31, 35, 40, 33, 37, 31, 36, 35, 32, 37, 34, 38, 35],
    "病斑密度 (1-10)": [7, 6, 8, 6, 7, 7, 8, 6, 7, 8, 6, 7, 6, 7, 7, 6, 8, 7, 8, 7],
    "孢子产生量 (1-5)": [4, 3, 4, 3, 4, 4, 5, 3, 4, 5, 3, 4, 3, 4, 4, 3, 4, 4, 5, 4],
    "颜色鲜艳度 (1-5)": [5, 4, 5, 4, 5, 4, 5, 4, 5, 5, 4, 5, 4, 5, 5, 4, 5, 4, 5, 5],
    "总体严重程度 (1-9)": [7, 6, 8, 6, 7, 7, 8, 6, 7, 8, 6, 7, 6, 7, 7, 6, 8, 7, 8, 7]
}

6.data = {
    "专家编号": [1, 2, 3, 4, 5, 6, 7, 8, 9, 10, 11, 12, 13, 14, 15, 16, 17, 18, 19, 20],
    "感染面积比例 (%)": [10, 8, 12, 7, 11, 9, 13, 6, 10, 14, 8, 11, 7, 12, 9, 8, 11, 10, 13, 9],
    "病斑密度 (1-10)": [3, 2, 4, 2, 3, 3, 4, 2, 3, 4, 2, 3, 2, 4, 3, 2, 3, 3, 4, 3],
    "孢子产生量 (1-5)": [2, 1, 3, 1, 2, 2, 3, 1, 2, 3, 1, 2, 1, 3, 2, 1, 2, 2, 3, 2],
    "颜色鲜艳度 (1-5)": [3, 3, 4, 2, 3, 3, 4, 2, 3, 4, 2, 3, 2, 4, 3, 2, 3, 3, 4, 3],
    "总体严重程度 (1-9)": [3, 2, 4, 2, 3, 3, 4, 1, 3, 4, 2, 3, 2, 4, 3, 2, 3, 3, 4, 3]
}

7.data = {
    "专家编号": [1, 2, 3, 4, 5, 6, 7, 8, 9, 10, 11, 12, 13, 14, 15, 16, 17, 18, 19, 20],
    "感染面积比例 (%)": [15, 18, 12, 14, 17, 20, 13, 16, 15, 19, 14, 16, 13, 15, 18, 14, 17, 15, 16, 14],
    "病斑密度 (1–10)": [4, 5, 3, 4, 5, 6, 4, 5, 4, 5, 4, 5, 3, 4, 5, 4, 5, 4, 5, 4],
    "孢子产生量 (1–5)": [3, 3, 2, 3, 4, 3, 3, 4, 3, 4, 3, 3, 2, 3, 4, 3, 3, 3, 4, 3],
    "颜色鲜艳度 (1–5)": [4, 5, 3, 4, 4, 5, 4, 4, 3, 5, 4, 4, 3, 4, 5, 4, 4, 3, 4, 4],
    "总体严重程度 (1–9)": [4, 5, 3, 4, 5, 6, 4, 5, 4, 5, 4, 5, 3, 4, 5, 4, 5, 4, 5, 4]
}

8.data = {
    "专家编号": [1, 2, 3, 4, 5, 6, 7, 8, 9, 10, 11, 12, 13, 14, 15, 16, 17, 18, 19, 20],
    "感染面积比例 (%)": [8, 10, 7, 9, 12, 8, 11, 9, 10, 7, 9, 11, 8, 10, 9, 12, 7, 10, 8, 9],
    "病斑密度 (1–10)": [3, 4, 3, 3, 4, 3, 4, 3, 4, 2, 3, 4, 3, 4, 3, 4, 3, 4, 3, 3],
    "孢子产生量 (1–5)": [2, 3, 2, 3, 3, 2, 3, 2, 3, 2, 2, 3, 2, 3, 2, 3, 2, 3, 2, 2],
    "颜色鲜艳度 (1–5)": [4, 4, 3, 4, 5, 4, 4, 3, 4, 3, 4, 5, 4, 4, 3, 5, 3, 4, 4, 3],
    "总体严重程度 (1–9)": [3, 4, 3, 3, 4, 3, 4, 3, 4, 2, 3, 4, 3, 4, 3, 4, 3, 4, 3, 3]
}

9.data = {
    "专家编号": [1, 2, 3, 4, 5, 6, 7, 8, 9, 10, 11, 12, 13, 14, 15, 16, 17, 18, 19, 20],
    "感染面积比例 (%)": [5, 7, 4, 6, 8, 5, 6, 4, 7, 5, 6, 8, 5, 7, 4, 6, 5, 7, 6, 5],
    "病斑密度 (1–10)": [2, 3, 2, 3, 4, 2, 3, 2, 3, 2, 3, 4, 2, 3, 2, 3, 2, 3, 3, 2],
    "孢子产生量 (1–5)": [2, 3, 1, 2, 3, 2, 2, 1, 3, 2, 2, 3, 2, 3, 1, 2, 2, 3, 2, 2],
    "颜色鲜艳度 (1–5)": [3, 4, 3, 3, 4, 3, 3, 2, 4, 3, 3, 4, 3, 4, 3, 3, 3, 4, 3, 3],
    "总体严重程度 (1–9)": [2, 3, 2, 3, 4, 2, 3, 2, 3, 2, 3, 4, 2, 3, 2, 3, 2, 3, 3, 2]
}

10.data = {
    "专家编号": [1, 2, 3, 4, 5, 6, 7, 8, 9, 10, 11, 12, 13, 14, 15, 16, 17, 18, 19, 20],
    "感染面积比例 (%)": [6, 8, 5, 7, 9, 6, 8, 5, 7, 6, 8, 7, 5, 9, 6, 7, 5, 8, 6, 7],
    "病斑密度 (1–10)": [3, 4, 2, 3, 4, 3, 4, 2, 3, 3, 4, 3, 2, 4, 3, 3, 2, 4, 3, 3],
    "孢子产生量 (1–5)": [2, 3, 2, 2, 3, 2, 3, 2, 2, 2, 3, 2, 2, 3, 2, 2, 2, 3, 2, 2],
    "颜色鲜艳度 (1–5)": [4, 4, 3, 4, 5, 4, 4, 3, 4, 4, 5, 4, 3, 5, 4, 4, 3, 4, 4, 4],
    "总体严重程度 (1–9)": [3, 4, 2, 3, 4, 3, 4, 2, 3, 3, 4, 3, 2, 4, 3, 3, 2, 4, 3, 3]
}

11.data = {
    "专家编号": [1, 2, 3, 4, 5, 6, 7, 8, 9, 10, 11, 12, 13, 14, 15, 16, 17, 18, 19, 20],
    "感染面积比例 (%)": [25, 30, 22, 28, 35, 26, 32, 24, 27, 33, 25, 29, 23, 31, 28, 34, 26, 29, 24, 30],
    "病斑密度 (1–10)": [6, 7, 5, 6, 8, 6, 7, 5, 6, 7, 6, 7, 5, 7, 6, 8, 6, 7, 5, 7],
    "孢子产生量 (1–5)": [3, 4, 3, 3, 4, 3, 4, 3, 3, 4, 3, 4, 3, 4, 3, 4, 3, 4, 3, 4],
    "颜色鲜艳度 (1–5)": [4, 5, 4, 4, 5, 4, 5, 4, 4, 5, 4, 5, 4, 5, 4, 5, 4, 5, 4, 5],
    "总体严重程度 (1–9)": [5, 6, 4, 5, 7, 5, 6, 4, 5, 6, 5, 6, 4, 6, 5, 7, 5, 6, 4, 6]
}

12.data = {
    "专家编号": [1, 2, 3, 4, 5, 6, 7, 8, 9, 10, 11, 12, 13, 14, 15, 16, 17, 18, 19, 20],
    "感染面积比例 (%)": [12, 15, 10, 13, 16, 11, 14, 12, 15, 11, 13, 16, 10, 14, 12, 15, 11, 13, 12, 14],
    "病斑密度 (1–10)": [4, 5, 3, 4, 5, 4, 5, 4, 5, 3, 4, 5, 3, 4, 4, 5, 3, 4, 4, 5],
    "孢子产生量 (1–5)": [3, 4, 2, 3, 4, 3, 3, 3, 4, 2, 3, 4, 2, 3, 3, 4, 2, 3, 3, 3],
    "颜色鲜艳度 (1–5)": [4, 5, 4, 4, 5, 4, 5, 4, 5, 4, 4, 5, 4, 5, 4, 5, 4, 4, 4, 5],
    "总体严重程度 (1–9)": [4, 5, 3, 4, 5, 4, 5, 4, 5, 3, 4, 5, 3, 4, 4, 5, 3, 4, 4, 5]
}

13.data = {
    "专家编号": [1, 2, 3, 4, 5, 6, 7, 8, 9, 10, 11, 12, 13, 14, 15, 16, 17, 18, 19, 20],
    "感染面积比例 (%)": [5, 7, 4, 6, 8, 5, 7, 4, 6, 5, 7, 8, 4, 6, 5, 7, 4, 6, 5, 7],
    "病斑密度 (1–10)": [2, 3, 2, 3, 3, 2, 3, 2, 3, 2, 3, 3, 2, 3, 2, 3, 2, 3, 2, 3],
    "孢子产生量 (1–5)": [2, 3, 2, 2, 3, 2, 3, 2, 2, 2, 3, 3, 2, 2, 2, 3, 2, 2, 2, 3],
    "颜色鲜艳度 (1–5)": [4, 5, 4, 4, 5, 4, 5, 4, 4, 4, 5, 5, 4, 4, 4, 5, 4, 4, 4, 5],
    "总体严重程度 (1–9)": [2, 3, 2, 2, 3, 2, 3, 2, 2, 2, 3, 3, 2, 2, 2, 3, 2, 2, 2, 3]
}

14.data = {
    "专家编号": [1, 2, 3, 4, 5, 6, 7, 8, 9, 10, 11, 12, 13, 14, 15, 16, 17, 18, 19, 20],
    "感染面积比例 (%)": [12, 15, 10, 14, 16, 11, 13, 10, 14, 12, 15, 11, 13, 16, 10, 14, 12, 15, 11, 13],
    "病斑密度 (1–10)": [5, 6, 4, 5, 6, 4, 5, 4, 5, 5, 6, 4, 5, 6, 4, 5, 5, 6, 4, 5],
    "孢子产生量 (1–5)": [3, 4, 3, 3, 4, 3, 3, 3, 3, 3, 4, 3, 3, 4, 3, 3, 3, 4, 3, 3],
    "颜色鲜艳度 (1–5)": [4, 5, 4, 4, 5, 4, 4, 4, 4, 4, 5, 4, 4, 5, 4, 4, 4, 5, 4, 4],
    "总体严重程度 (1–9)": [4, 5, 3, 4, 5, 3, 4, 3, 4, 4, 5, 3, 4, 5, 3, 4, 4, 5, 3, 4]
}

15.data = {
    "专家编号": [1, 2, 3, 4, 5, 6, 7, 8, 9, 10, 11, 12, 13, 14, 15, 16, 17, 18, 19, 20],
    "感染面积比例 (%)": [65, 70, 60, 68, 75, 63, 72, 67, 70, 62, 69, 73, 65, 71, 68, 75, 64, 69, 66, 72],
    "病斑密度 (1–10)": [8, 9, 7, 8, 9, 8, 9, 8, 9, 7, 8, 9, 8, 9, 8, 9, 8, 8, 8, 9],
    "孢子产生量 (1–5)": [4, 5, 4, 4, 5, 4, 5, 4, 5, 4, 4, 5, 4, 5, 4, 5, 4, 4, 4, 5],
    "颜色鲜艳度 (1–5)": [5, 5, 4, 5, 5, 4, 5, 5, 5, 4, 5, 5, 5, 5, 5, 5, 4, 5, 5, 5],
    "总体严重程度 (1–9)": [8, 9, 7, 8, 9, 8, 9, 8, 9, 7, 8, 9, 8, 9, 8, 9, 8, 8, 8, 9]
}

16.data = {
    "专家编号": [1, 2, 3, 4, 5, 6, 7, 8, 9, 10, 11, 12, 13, 14, 15, 16, 17, 18, 19, 20],
    "感染面积比例 (%)": [75, 80, 70, 78, 85, 73, 82, 77, 80, 72, 79, 83, 75, 81, 78, 85, 74, 79, 76, 82],
    "病斑密度 (1–10)": [9, 10, 8, 9, 10, 9, 10, 9, 10, 8, 9, 10, 9, 10, 9, 10, 9, 9, 9, 10],
    "孢子产生量 (1–5)": [4, 5, 4, 5, 5, 4, 5, 4, 5, 4, 5, 5, 4, 5, 4, 5, 4, 5, 4, 5],
    "颜色鲜艳度 (1–5)": [5, 5, 4, 5, 5, 5, 5, 5, 5, 4, 5, 5, 5, 5, 5, 5, 5, 5, 5, 5],
    "总体严重程度 (1–9)": [8, 9, 7, 8, 9, 8, 9, 8, 9, 7, 8, 9, 8, 9, 8, 9, 8, 9, 8, 9]
}

17.data = {
    "专家编号": [1, 2, 3, 4, 5, 6, 7, 8, 9, 10, 11, 12, 13, 14, 15, 16, 17, 18, 19, 20],
    "感染面积比例 (%)": [3, 5, 2, 4, 6, 3, 5, 2, 4, 3, 5, 6, 2, 4, 3, 5, 2, 4, 3, 5],
    "病斑密度 (1–10)": [2, 3, 1, 2, 3, 2, 3, 1, 2, 2, 3, 3, 1, 2, 2, 3, 1, 2, 2, 3],
    "孢子产生量 (1–5)": [1, 2, 1, 1, 2, 1, 2, 1, 1, 1, 2, 2, 1, 1, 1, 2, 1, 1, 1, 2],
    "颜色鲜艳度 (1–5)": [3, 4, 3, 3, 4, 3, 4, 3, 3, 3, 4, 4, 3, 3, 3, 4, 3, 3, 3, 4],
    "总体严重程度 (1–9)": [2, 3, 1, 2, 3, 2, 3, 1, 2, 2, 3, 3, 1, 2, 2, 3, 1, 2, 2, 3]
}

18.data = {
    "专家编号": [1, 2, 3, 4, 5, 6, 7, 8, 9, 10, 11, 12, 13, 14, 15, 16, 17, 18, 19, 20],
    "感染面积比例 (%)": [18, 15, 22, 20, 17, 25, 16, 19, 21, 18, 23, 17, 20, 24, 19, 16, 21, 18, 22, 19],
    "病斑密度 (1–10)": [5, 4, 6, 5, 5, 6, 4, 5, 6, 5, 6, 4, 5, 6, 5, 4, 6, 5, 6, 5],
    "孢子产生量 (1–5)": [3, 2, 3, 3, 2, 4, 3, 3, 3, 2, 3, 3, 3, 4, 3, 2, 3, 3, 4, 3],
    "颜色鲜艳度 (1–5)": [4, 3, 4, 4, 3, 4, 3, 4, 4, 3, 4, 3, 4, 4, 3, 3, 4, 3, 4, 4],
    "总体严重程度 (1–9)": [5, 4, 6, 5, 4, 6, 4, 5, 5, 4, 6, 4, 5, 6, 5, 4, 5, 4, 6, 5]
}

19.data = {
    "专家编号": [1, 2, 3, 4, 5, 6, 7, 8, 9, 10, 11, 12, 13, 14, 15, 16, 17, 18, 19, 20],
    "感染面积比例 (%)": [12, 10, 15, 8, 13, 11, 9, 14, 12, 10, 13, 11, 15, 9, 12, 10, 14, 11, 13, 12],
    "病斑密度 (1–10)": [4, 3, 5, 3, 4, 3, 2, 4, 3, 3, 4, 3, 5, 3, 4, 3, 4, 3, 4, 3],
    "孢子产生量 (1–5)": [2, 2, 3, 2, 2, 2, 1, 3, 2, 2, 3, 2, 3, 2, 2, 2, 3, 2, 2, 2],
    "颜色鲜艳度 (1–5)": [3, 3, 4, 2, 3, 3, 2, 4, 3, 3, 3, 3, 4, 2, 3, 3, 4, 3, 3, 3],
    "总体严重程度 (1–9)": [3, 3, 4, 2, 3, 3, 2, 4, 3, 3, 4, 3, 4, 2, 3, 3, 4, 3, 3, 3]
}

20.data = {
    "专家编号": [1, 2, 3, 4, 5, 6, 7, 8, 9, 10, 11, 12, 13, 14, 15, 16, 17, 18, 19, 20],
    "感染面积比例 (%)": [25, 28, 22, 30, 26, 24, 32, 27, 23, 29, 25, 31, 27, 24, 28, 26, 30, 25, 29, 27],
    "病斑密度 (1–10)": [7, 8, 6, 8, 7, 6, 8, 7, 6, 7, 7, 8, 7, 6, 7, 7, 8, 7, 7, 7],
    "孢子产生量 (1–5)": [4, 4, 3, 5, 4, 3, 4, 4, 3, 4, 4, 5, 4, 3, 4, 4, 5, 4, 4, 4],
    "颜色鲜艳度 (1–5)": [5, 5, 4, 5, 5, 4, 5, 5, 4, 5, 5, 5, 5, 4, 5, 5, 5, 4, 5, 5],
    "总体严重程度 (1–9)": [6, 7, 5, 7, 6, 5, 7, 6, 5, 7, 6, 7, 6, 5, 7, 6, 7, 6, 7, 6]
}

21.data = {
    "专家编号": [1, 2, 3, 4, 5, 6, 7, 8, 9, 10, 11, 12, 13, 14, 15, 16, 17, 18, 19, 20],
    "感染面积比例 (%)": [8, 6, 10, 7, 9, 5, 8, 7, 11, 9, 6, 8, 10, 7, 9, 8, 6, 10, 7, 9],
    "病斑密度 (1–10)": [3, 2, 4, 3, 3, 2, 3, 3, 4, 3, 2, 3, 4, 3, 3, 3, 2, 4, 3, 3],
    "孢子产生量 (1–5)": [2, 1, 2, 2, 2, 1, 2, 2, 3, 2, 1, 2, 3, 2, 2, 2, 1, 2, 2, 2],
    "颜色鲜艳度 (1–5)": [3, 2, 3, 3, 3, 2, 3, 3, 4, 3, 2, 3, 4, 3, 3, 3, 2, 3, 3, 3],
    "总体严重程度 (1–9)": [3, 2, 3, 3, 3, 2, 3, 3, 4, 3, 2, 3, 4, 3, 3, 3, 2, 3, 3, 3]
}

22.data = {
    "专家编号": [1, 2, 3, 4, 5, 6, 7, 8, 9, 10, 11, 12, 13, 14, 15, 16, 17, 18, 19, 20],
    "感染面积比例 (%)": [35, 38, 32, 40, 36, 39, 33, 37, 41, 34, 38, 36, 42, 35, 39, 37, 33, 40, 36, 38],
    "病斑密度 (1–10)": [6, 7, 6, 7, 6, 7, 5, 6, 7, 6, 7, 6, 8, 6, 7, 6, 5, 7, 6, 7],
    "孢子产生量 (1–5)": [3, 4, 3, 4, 3, 4, 3, 3, 4, 3, 4, 3, 4, 3, 4, 3, 3, 4, 3, 4],
    "颜色鲜艳度 (1–5)": [4, 5, 4, 5, 4, 5, 4, 4, 5, 4, 5, 4, 5, 4, 5, 4, 4, 5, 4, 5],
    "总体严重程度 (1–9)": [6, 7, 6, 7, 6, 7, 5, 6, 7, 6, 7, 6, 7, 6, 7, 6, 5, 7, 6, 7]
}

23.data = {
    "专家编号": [1, 2, 3, 4, 5, 6, 7, 8, 9, 10, 11, 12, 13, 14, 15, 16, 17, 18, 19, 20],
    "感染面积比例 (%)": [30, 35, 28, 33, 31, 36, 29, 34, 32, 35, 30, 33, 37, 29, 32, 34, 31, 35, 30, 32],
    "病斑密度 (1–10)": [7, 8, 6, 7, 7, 8, 6, 7, 7, 8, 7, 7, 8, 6, 7, 8, 7, 8, 7, 7],
    "孢子产生量 (1–5)": [4, 4, 3, 4, 4, 5, 3, 4, 4, 4, 4, 4, 5, 3, 4, 4, 4, 5, 4, 4],
    "颜色鲜艳度 (1–5)": [5, 5, 4, 5, 5, 5, 4, 5, 5, 5, 4, 5, 5, 4, 5, 5, 5, 5, 4, 5],
    "总体严重程度 (1–9)": [6, 7, 5, 6, 6, 7, 5, 6, 6, 7, 6, 6, 7, 5, 6, 7, 6, 7, 6, 6]
}

24.data = {
    "专家编号": [1, 2, 3, 4, 5, 6, 7, 8, 9, 10, 11, 12, 13, 14, 15, 16, 17, 18, 19, 20],
    "感染面积比例 (%)": [45, 50, 42, 48, 46, 52, 44, 49, 47, 51, 43, 48, 50, 45, 47, 51, 44, 49, 46, 48],
    "病斑密度 (1–10)": [8, 9, 7, 8, 8, 9, 7, 8, 8, 9, 7, 8, 9, 8, 8, 9, 7, 8, 8, 8],
    "孢子产生量 (1–5)": [4, 5, 4, 4, 4, 5, 4, 4, 4, 5, 4, 4, 5, 4, 4, 5, 4, 4, 4, 4],
    "颜色鲜艳度 (1–5)": [5, 5, 4, 5, 5, 5, 4, 5, 5, 5, 4, 5, 5, 5, 5, 5, 4, 5, 5, 5],
    "总体严重程度 (1–9)": [7, 8, 6, 7, 7, 8, 6, 7, 7, 8, 6, 7, 8, 7, 7, 8, 6, 7, 7, 7]
}

25.data = {
    "专家编号": [1, 2, 3, 4, 5, 6, 7, 8, 9, 10, 11, 12, 13, 14, 15, 16, 17, 18, 19, 20],
    "感染面积比例 (%)": [15, 18, 13, 20, 16, 14, 19, 15, 17, 14, 18, 16, 20, 15, 17, 14, 19, 16, 18, 15],
    "病斑密度 (1–10)": [4, 5, 4, 5, 4, 4, 5, 4, 5, 4, 5, 4, 5, 4, 5, 4, 5, 4, 5, 4],
    "孢子产生量 (1–5)": [3, 3, 2, 3, 3, 2, 3, 3, 3, 2, 3, 3, 4, 3, 3, 2, 3, 3, 3, 3],
    "颜色鲜艳度 (1–5)": [4, 4, 3, 4, 4, 3, 4, 4, 4, 3, 4, 4, 5, 4, 4, 3, 4, 4, 4, 4],
    "总体严重程度 (1–9)": [4, 5, 3, 5, 4, 4, 5, 4, 4, 3, 5, 4, 5, 4, 4, 3, 5, 4, 5, 4]
}

26.data = {
    "专家编号": [1, 2, 3, 4, 5, 6, 7, 8, 9, 10, 11, 12, 13, 14, 15, 16, 17, 18, 19, 20],
    "感染面积比例 (%)": [40, 45, 38, 43, 41, 46, 39, 44, 42, 45, 40, 43, 47, 39, 42, 44, 41, 45, 40, 42],
    "病斑密度 (1–10)": [7, 8, 7, 8, 7, 8, 7, 8, 7, 8, 7, 8, 9, 7, 8, 8, 7, 8, 7, 8],
    "孢子产生量 (1–5)": [4, 4, 3, 4, 4, 5, 3, 4, 4, 4, 4, 4, 5, 3, 4, 4, 4, 5, 4, 4],
    "颜色鲜艳度 (1–5)": [5, 5, 4, 5, 5, 5, 4, 5, 5, 5, 4, 5, 5, 4, 5, 5, 5, 5, 4, 5],
    "总体严重程度 (1–9)": [7, 7, 6, 7, 7, 8, 6, 7, 7, 7, 7, 7, 8, 6, 7, 7, 7, 8, 7, 7]
}

27.data = {
    "专家编号": [1, 2, 3, 4, 5, 6, 7, 8, 9, 10, 11, 12, 13, 14, 15, 16, 17, 18, 19, 20],
    "感染面积比例 (%)": [35, 38, 32, 36, 34, 39, 33, 37, 35, 38, 34, 36, 40, 32, 35, 37, 34, 38, 33, 35],
    "病斑密度 (1–10)": [6, 7, 5, 6, 6, 7, 5, 6, 6, 7, 6, 6, 7, 5, 6, 7, 6, 7, 5, 6],
    "孢子产生量 (1–5)": [3, 4, 3, 3, 3, 4, 3, 3, 3, 4, 3, 3, 4, 3, 3, 4, 3, 4, 3, 3],
    "颜色鲜艳度 (1–5)": [4, 5, 4, 4, 4, 5, 4, 4, 4, 5, 4, 4, 5, 4, 4, 5, 4, 5, 4, 4],
    "总体严重程度 (1–9)": [6, 7, 5, 6, 6, 7, 5, 6, 6, 7, 6, 6, 7, 5, 6, 7, 6, 7, 5, 6]
}

28.data = {
    "专家编号": [1, 2, 3, 4, 5, 6, 7, 8, 9, 10, 11, 12, 13, 14, 15, 16, 17, 18, 19, 20],
    "感染面积比例 (%)": [25, 28, 22, 26, 24, 29, 23, 27, 25, 28, 24, 26, 30, 22, 25, 27, 24, 28, 23, 25],
    "病斑密度 (1–10)": [5, 6, 4, 5, 5, 6, 4, 5, 5, 6, 5, 5, 6, 4, 5, 6, 5, 6, 4, 5],
    "孢子产生量 (1–5)": [3, 3, 2, 3, 3, 4, 2, 3, 3, 3, 3, 3, 4, 2, 3, 3, 3, 4, 2, 3],
    "颜色鲜艳度 (1–5)": [4, 4, 3, 4, 4, 4, 3, 4, 4, 4, 3, 4, 4, 3, 4, 4, 4, 4, 3, 4],
    "总体严重程度 (1–9)": [5, 5, 4, 5, 5, 6, 4, 5, 5, 5, 5, 5, 6, 4, 5, 5, 5, 6, 4, 5]
}

29.data = {
    "专家编号": [1, 2, 3, 4, 5, 6, 7, 8, 9, 10, 11, 12, 13, 14, 15, 16, 17, 18, 19, 20],
    "感染面积比例 (%)": [20, 23, 18, 21, 19, 24, 17, 22, 20, 23, 19, 21, 25, 18, 20, 22, 19, 23, 18, 20],
    "病斑密度 (1–10)": [4, 5, 3, 4, 4, 5, 3, 4, 4, 5, 4, 4, 5, 3, 4, 5, 4, 5, 3, 4],
    "孢子产生量 (1–5)": [3, 3, 2, 3, 3, 3, 2, 3, 3, 3, 3, 3, 4, 2, 3, 3, 3, 3, 2, 3],
    "颜色鲜艳度 (1–5)": [4, 4, 3, 4, 4, 4, 3, 4, 4, 4, 3, 4, 4, 3, 4, 4, 4, 4, 3, 4],
    "总体严重程度 (1–9)": [4, 5, 3, 4, 4, 5, 3, 4, 4, 5, 4, 4, 5, 3, 4, 5, 4, 5, 3, 4]
}

30.data = {
    "专家编号": [1, 2, 3, 4, 5, 6, 7, 8, 9, 10, 11, 12, 13, 14, 15, 16, 17, 18, 19, 20],
    "感染面积比例 (%)": [60, 65, 57, 62, 59, 66, 58, 63, 60, 64, 59, 62, 67, 57, 61, 64, 59, 65, 58, 61],
    "病斑密度 (1–10)": [8, 9, 7, 8, 8, 9, 7, 8, 8, 9, 8, 8, 9, 7, 8, 9, 8, 9, 7, 8],
    "孢子产生量 (1–5)": [4, 5, 4, 4, 4, 5, 4, 4, 4, 5, 4, 4, 5, 4, 4, 5, 4, 5, 4, 4],
    "颜色鲜艳度 (1–5)": [5, 5, 4, 5, 5, 5, 4, 5, 5, 5, 4, 5, 5, 4, 5, 5, 5, 5, 4, 5],
    "总体严重程度 (1–9)": [8, 9, 7, 8, 8, 9, 7, 8, 8, 9, 8, 8, 9, 7, 8, 9, 8, 9, 7, 8]
}

31.data = {
    "专家编号": [1, 2, 3, 4, 5, 6, 7, 8, 9, 10, 11, 12, 13, 14, 15, 16, 17, 18, 19, 20],
    "感染面积比例 (%)": [8, 10, 7, 9, 8, 11, 6, 9, 8, 10, 7, 9, 12, 7, 8, 10, 9, 11, 8, 9],
    "病斑密度 (1–10)": [3, 3, 2, 3, 3, 4, 2, 3, 3, 3, 2, 3, 4, 2, 3, 3, 3, 4, 3, 3],
    "孢子产生量 (1–5)": [2, 2, 1, 2, 2, 3, 1, 2, 2, 2, 1, 2, 3, 1, 2, 2, 2, 3, 2, 2],
    "颜色鲜艳度 (1–5)": [3, 3, 3, 3, 3, 4, 2, 3, 3, 3, 3, 3, 4, 2, 3, 4, 3, 4, 3, 3],
    "总体严重程度 (1–9)": [2, 3, 2, 3, 2, 3, 2, 3, 2, 3, 2, 3, 3, 2, 2, 3, 3, 3, 2, 3]
}

32.data = {
    "专家编号": [1, 2, 3, 4, 5, 6, 7, 8, 9, 10, 11, 12, 13, 14, 15, 16, 17, 18, 19, 20],
    "感染面积比例 (%)": [55, 60, 50, 58, 53, 62, 48, 56, 54, 59, 51, 57, 63, 49, 55, 60, 52, 61, 54, 56],
    "病斑密度 (1–10)": [8, 9, 7, 8, 8, 9, 7, 8, 8, 9, 7, 8, 9, 7, 8, 9, 7, 9, 8, 8],
    "孢子产生量 (1–5)": [4, 5, 4, 4, 4, 5, 3, 4, 4, 5, 4, 4, 5, 3, 4, 5, 4, 5, 4, 4],
    "颜色鲜艳度 (1–5)": [5, 5, 4, 5, 5, 5, 4, 5, 5, 5, 4, 5, 5, 4, 5, 5, 4, 5, 5, 5],
    "总体严重程度 (1–9)": [7, 8, 6, 7, 7, 8, 6, 7, 7, 8, 6, 7, 8, 6, 7, 8, 6, 8, 7, 7]
}

33.data = {
    "专家编号": [1, 2, 3, 4, 5, 6, 7, 8, 9, 10, 11, 12, 13, 14, 15, 16, 17, 18, 19, 20],
    "感染面积比例 (%)": [53, 58, 48, 55, 52, 60, 47, 54, 53, 57, 49, 56, 61, 46, 53, 58, 50, 59, 52, 55],
    "病斑密度 (1–10)": [8, 8, 7, 8, 7, 9, 6, 8, 8, 8, 7, 8, 9, 6, 8, 8, 7, 9, 7, 8],
    "孢子产生量 (1–5)": [4, 5, 3, 4, 4, 5, 3, 4, 4, 4, 3, 4, 5, 3, 4, 5, 3, 5, 4, 4],
    "颜色鲜艳度 (1–5)": [5, 5, 4, 5, 4, 5, 4, 5, 5, 5, 4, 5, 5, 4, 5, 5, 4, 5, 4, 5],
    "总体严重程度 (1–9)": [7, 8, 6, 7, 7, 8, 6, 7, 7, 7, 6, 7, 8, 5, 7, 8, 6, 8, 7, 7]
}

34.data = {
    "专家编号": [1, 2, 3, 4, 5, 6, 7, 8, 9, 10, 11, 12, 13, 14, 15, 16, 17, 18, 19, 20],
    "感染面积比例 (%)": [20, 23, 18, 21, 20, 25, 17, 22, 20, 23, 19, 21, 26, 17, 20, 24, 19, 25, 20, 21],
    "病斑密度 (1–10)": [5, 6, 4, 5, 5, 6, 4, 5, 5, 6, 4, 5, 6, 4, 5, 6, 4, 6, 5, 5],
    "孢子产生量 (1–5)": [3, 3, 2, 3, 3, 4, 2, 3, 3, 3, 2, 3, 4, 2, 3, 3, 2, 4, 3, 3],
    "颜色鲜艳度 (1–5)": [4, 4, 3, 4, 4, 5, 3, 4, 4, 4, 3, 4, 5, 3, 4, 4, 3, 5, 4, 4],
    "总体严重程度 (1–9)": [4, 5, 3, 4, 4, 5, 3, 4, 4, 5, 3, 4, 5, 3, 4, 5, 3, 5, 4, 4]
}

35.data = {
    "专家编号": [1, 2, 3, 4, 5, 6, 7, 8, 9, 10, 11, 12, 13, 14, 15, 16, 17, 18, 19, 20],
    "感染面积比例 (%)": [25, 28, 23, 26, 24, 30, 22, 27, 25, 28, 24, 26, 31, 21, 25, 29, 23, 30, 25, 26],
    "病斑密度 (1–10)": [5, 6, 4, 5, 5, 6, 4, 5, 5, 6, 5, 5, 6, 4, 5, 6, 4, 6, 5, 5],
    "孢子产生量 (1–5)": [3, 4, 2, 3, 3, 4, 2, 3, 3, 4, 3, 3, 4, 2, 3, 4, 2, 4, 3, 3],
    "颜色鲜艳度 (1–5)": [4, 4, 3, 4, 4, 5, 3, 4, 4, 4, 3, 4, 5, 3, 4, 4, 3, 5, 4, 4],
    "总体严重程度 (1–9)": [5, 5, 4, 5, 5, 6, 4, 5, 5, 5, 4, 5, 6, 3, 5, 6, 4, 6, 5, 5]
}

36.data = {
    "专家编号": [1, 2, 3, 4, 5, 6, 7, 8, 9, 10, 11, 12, 13, 14, 15, 16, 17, 18, 19, 20],
    "感染面积比例 (%)": [25, 28, 23, 26, 24, 30, 21, 27, 25, 29, 22, 26, 31, 24, 27, 29, 22, 28, 25, 26],
    "病斑密度 (1–10)": [6, 7, 5, 6, 6, 7, 5, 6, 6, 7, 5, 6, 7, 6, 6, 7, 5, 7, 6, 6],
    "孢子产生量 (1–5)": [3, 4, 3, 3, 3, 4, 2, 3, 3, 4, 2, 3, 4, 3, 3, 4, 2, 4, 3, 3],
    "颜色鲜艳度 (1–5)": [4, 5, 4, 4, 4, 5, 3, 4, 4, 5, 3, 4, 5, 4, 4, 5, 3, 5, 4, 4],
    "总体严重程度 (1–9)": [5, 6, 4, 5, 5, 6, 4, 5, 5, 6, 4, 5, 6, 5, 5, 6, 4, 6, 5, 5]
}

37.data = {
    "专家编号": [1, 2, 3, 4, 5, 6, 7, 8, 9, 10, 11, 12, 13, 14, 15, 16, 17, 18, 19, 20],
    "感染面积比例 (%)": [15, 18, 13, 16, 14, 19, 12, 17, 15, 18, 13, 16, 20, 14, 17, 19, 12, 18, 15, 16],
    "病斑密度 (1–10)": [4, 5, 3, 4, 4, 5, 3, 4, 4, 5, 3, 4, 5, 4, 4, 5, 3, 5, 4, 4],
    "孢子产生量 (1–5)": [2, 3, 2, 2, 2, 3, 1, 2, 2, 3, 2, 2, 3, 2, 2, 3, 1, 3, 2, 2],
    "颜色鲜艳度 (1–5)": [3, 4, 3, 3, 3, 4, 2, 3, 3, 4, 3, 3, 4, 3, 3, 4, 2, 4, 3, 3],
    "总体严重程度 (1–9)": [3, 4, 3, 3, 3, 4, 2, 3, 3, 4, 3, 3, 4, 3, 3, 4, 2, 4, 3, 3]
}

38.data = {
    "专家编号": [1, 2, 3, 4, 5, 6, 7, 8, 9, 10, 11, 12, 13, 14, 15, 16, 17, 18, 19, 20],
    "感染面积比例 (%)": [20, 23, 18, 21, 19, 24, 17, 22, 20, 23, 18, 21, 25, 19, 22, 24, 17, 23, 20, 21],
    "病斑密度 (1–10)": [5, 6, 4, 5, 5, 6, 4, 5, 5, 6, 4, 5, 6, 5, 5, 6, 4, 6, 5, 5],
    "孢子产生量 (1–5)": [3, 3, 2, 3, 3, 4, 2, 3, 3, 3, 2, 3, 4, 3, 3, 4, 2, 3, 3, 3],
    "颜色鲜艳度 (1–5)": [4, 4, 3, 4, 4, 5, 3, 4, 4, 4, 3, 4, 5, 4, 4, 5, 3, 4, 4, 4],
    "总体严重程度 (1–9)": [4, 5, 3, 4, 4, 5, 3, 4, 4, 5, 3, 4, 5, 4, 4, 5, 3, 5, 4, 4]
}

39.data = {
    "专家编号": [1, 2, 3, 4, 5, 6, 7, 8, 9, 10, 11, 12, 13, 14, 15, 16, 17, 18, 19, 20],
    "感染面积比例 (%)": [18, 21, 16, 19, 17, 22, 15, 20, 18, 21, 16, 19, 23, 17, 20, 22, 15, 21, 18, 19],
    "病斑密度 (1–10)": [4, 5, 3, 4, 4, 5, 3, 4, 4, 5, 3, 4, 5, 4, 4, 5, 3, 5, 4, 4],
    "孢子产生量 (1–5)": [2, 3, 2, 2, 2, 3, 2, 2, 2, 3, 2, 2, 3, 2, 2, 3, 2, 3, 2, 2],
    "颜色鲜艳度 (1–5)": [4, 4, 3, 4, 4, 5, 3, 4, 4, 4, 3, 4, 5, 4, 4, 5, 3, 4, 4, 4],
    "总体严重程度 (1–9)": [4, 4, 3, 4, 4, 5, 3, 4, 4, 4, 3, 4, 5, 4, 4, 5, 3, 4, 4, 4]
}

40.data = {
    "专家编号": [1, 2, 3, 4, 5, 6, 7, 8, 9, 10, 11, 12, 13, 14, 15, 16, 17, 18, 19, 20],
    "感染面积比例 (%)": [40, 45, 37, 42, 39, 46, 36, 43, 40, 44, 38, 42, 47, 39, 43, 45, 37, 44, 40, 41],
    "病斑密度 (1–10)": [7, 8, 6, 7, 7, 8, 6, 7, 7, 8, 6, 7, 8, 7, 7, 8, 6, 8, 7, 7],
    "孢子产生量 (1–5)": [4, 5, 3, 4, 4, 5, 3, 4, 4, 5, 3, 4, 5, 4, 4, 5, 3, 5, 4, 4],
    "颜色鲜艳度 (1–5)": [5, 5, 4, 5, 5, 5, 4, 5, 5, 5, 4, 5, 5, 5, 5, 5, 4, 5, 5, 5],
    "总体严重程度 (1–9)": [6, 7, 5, 6, 6, 7, 5, 6, 6, 7, 5, 6, 7, 6, 6, 7, 5, 7, 6, 6]
}

41.data = {
    "专家编号": [1, 2, 3, 4, 5, 6, 7, 8, 9, 10, 11, 12, 13, 14, 15, 16, 17, 18, 19, 20],
    "感染面积比例 (%)": [35, 40, 32, 38, 35, 42, 30, 37, 36, 39, 33, 38, 43, 31, 36, 41, 34, 39, 36, 37],
    "病斑密度 (1–10)": [7, 8, 6, 7, 7, 8, 6, 7, 7, 8, 6, 7, 8, 6, 7, 8, 6, 8, 7, 7],
    "孢子产生量 (1–5)": [4, 5, 3, 4, 4, 5, 3, 4, 4, 4, 3, 4, 5, 3, 4, 5, 3, 4, 4, 4],
    "颜色鲜艳度 (1–5)": [5, 5, 4, 5, 5, 5, 4, 5, 5, 5, 4, 5, 5, 4, 5, 5, 4, 5, 5, 5],
    "总体严重程度 (1–9)": [6, 7, 5, 6, 6, 7, 5, 6, 6, 7, 5, 6, 7, 5, 6, 7, 5, 6, 6, 6]
}

42.data = {
    "专家编号": [1, 2, 3, 4, 5, 6, 7, 8, 9, 10, 11, 12, 13, 14, 15, 16, 17, 18, 19, 20],
    "感染面积比例 (%)": [15, 18, 12, 16, 15, 19, 11, 17, 15, 18, 13, 16, 20, 12, 16, 19, 13, 17, 15, 16],
    "病斑密度 (1–10)": [4, 5, 3, 4, 4, 5, 3, 4, 4, 5, 3, 4, 5, 3, 4, 5, 3, 4, 4, 4],
    "孢子产生量 (1–5)": [3, 3, 2, 3, 3, 4, 2, 3, 3, 3, 2, 3, 4, 2, 3, 4, 2, 3, 3, 3],
    "颜色鲜艳度 (1–5)": [4, 5, 3, 4, 4, 5, 3, 4, 4, 5, 3, 4, 5, 3, 4, 5, 3, 4, 4, 4],
    "总体严重程度 (1–9)": [4, 5, 3, 4, 4, 5, 3, 4, 4, 5, 3, 4, 5, 3, 4, 5, 3, 4, 4, 4]
}

43.data = {
    "专家编号": [1, 2, 3, 4, 5, 6, 7, 8, 9, 10, 11, 12, 13, 14, 15, 16, 17, 18, 19, 20],
    "感染面积比例 (%)": [25, 29, 22, 26, 25, 30, 21, 27, 25, 28, 23, 26, 31, 22, 27, 30, 23, 28, 25, 26],
    "病斑密度 (1–10)": [6, 7, 5, 6, 6, 7, 5, 6, 6, 7, 5, 6, 7, 5, 6, 7, 5, 7, 6, 6],
    "孢子产生量 (1–5)": [3, 4, 3, 3, 3, 4, 2, 3, 3, 4, 3, 3, 4, 2, 3, 4, 3, 4, 3, 3],
    "颜色鲜艳度 (1–5)": [4, 5, 4, 4, 4, 5, 3, 4, 4, 5, 4, 4, 5, 3, 4, 5, 4, 5, 4, 4],
    "总体严重程度 (1–9)": [5, 6, 4, 5, 5, 6, 4, 5, 5, 6, 4, 5, 6, 4, 5, 6, 4, 6, 5, 5]
}

44.data = {
    "专家编号": [1, 2, 3, 4, 5, 6, 7, 8, 9, 10, 11, 12, 13, 14, 15, 16, 17, 18, 19, 20],
    "感染面积比例 (%)": [17, 20, 15, 18, 17, 21, 14, 19, 17, 20, 16, 18, 22, 15, 18, 21, 16, 19, 17, 18],
    "病斑密度 (1–10)": [4, 5, 3, 4, 4, 5, 3, 4, 4, 5, 4, 4, 5, 3, 4, 5, 4, 4, 4, 4],
    "孢子产生量 (1–5)": [3, 3, 2, 3, 3, 4, 2, 3, 3, 3, 3, 3, 4, 2, 3, 4, 3, 3, 3, 3],
    "颜色鲜艳度 (1–5)": [4, 4, 3, 4, 4, 5, 3, 4, 4, 4, 4, 4, 5, 3, 4, 5, 4, 4, 4, 4],
    "总体严重程度 (1–9)": [4, 5, 3, 4, 4, 5, 3, 4, 4, 5, 4, 4, 5, 3, 4, 5, 4, 4, 4, 4]
}

45.data = {
    "专家编号": [1, 2, 3, 4, 5, 6, 7, 8, 9, 10, 11, 12, 13, 14, 15, 16, 17, 18, 19, 20],
    "感染面积比例 (%)": [18, 21, 16, 19, 18, 22, 15, 20, 18, 21, 17, 19, 23, 16, 19, 22, 17, 20, 18, 19],
    "病斑密度 (1–10)": [5, 6, 4, 5, 5, 6, 4, 5, 5, 6, 4, 5, 6, 4, 5, 6, 4, 5, 5, 5],
    "孢子产生量 (1–5)": [3, 4, 2, 3, 3, 4, 2, 3, 3, 4, 2, 3, 4, 2, 3, 4, 2, 3, 3, 3],
    "颜色鲜艳度 (1–5)": [4, 5, 3, 4, 4, 5, 3, 4, 4, 5, 3, 4, 5, 3, 4, 5, 3, 4, 4, 4],
    "总体严重程度 (1–9)": [4, 5, 3, 4, 4, 5, 3, 4, 4, 5, 3, 4, 5, 3, 4, 5, 3, 4, 4, 4]
}

46.data = {
    "专家编号": [1, 2, 3, 4, 5, 6, 7, 8, 9, 10, 11, 12, 13, 14, 15, 16, 17, 18, 19, 20],
    "感染面积比例 (%)": [45, 42, 48, 40, 46, 43, 49, 41, 47, 44, 46, 43, 45, 42, 47, 44, 48, 41, 46, 43],
    "病斑密度 (1–10)": [8, 7, 8, 7, 8, 7, 9, 7, 8, 7, 8, 7, 8, 7, 8, 7, 9, 7, 8, 7],
    "孢子产生量 (1–5)": [4, 4, 5, 4, 4, 4, 5, 3, 4, 4, 4, 4, 4, 3, 5, 4, 5, 3, 4, 4],
    "颜色鲜艳度 (1–5)": [5, 4, 5, 4, 5, 4, 5, 4, 5, 4, 5, 4, 5, 4, 5, 4, 5, 4, 5, 4],
    "总体严重程度 (1–9)": [7, 6, 8, 6, 7, 6, 8, 6, 7, 6, 7, 6, 7, 6, 7, 6, 8, 6, 7, 6]
}

47.data = {
    "专家编号": [1, 2, 3, 4, 5, 6, 7, 8, 9, 10, 11, 12, 13, 14, 15, 16, 17, 18, 19, 20],
    "感染面积比例 (%)": [32, 29, 35, 28, 33, 30, 36, 27, 34, 31, 33, 30, 32, 29, 34, 31, 35, 28, 33, 30],
    "病斑密度 (1–10)": [6, 5, 7, 5, 6, 5, 7, 5, 6, 5, 6, 5, 6, 5, 6, 5, 7, 5, 6, 5],
    "孢子产生量 (1–5)": [3, 3, 4, 2, 3, 3, 4, 2, 3, 3, 3, 3, 3, 2, 4, 3, 4, 2, 3, 3],
    "颜色鲜艳度 (1–5)": [4, 3, 4, 3, 4, 3, 4, 3, 4, 3, 4, 3, 4, 3, 4, 3, 4, 3, 4, 3],
    "总体严重程度 (1–9)": [5, 5, 6, 4, 5, 5, 6, 4, 5, 5, 5, 5, 5, 4, 6, 5, 6, 4, 5, 5]
}

48.data = {
    "专家编号": [1, 2, 3, 4, 5, 6, 7, 8, 9, 10, 11, 12, 13, 14, 15, 16, 17, 18, 19, 20],
    "感染面积比例 (%)": [22, 20, 25, 18, 23, 21, 26, 17, 24, 19, 23, 21, 22, 20, 24, 19, 25, 18, 23, 21],
    "病斑密度 (1–10)": [5, 4, 6, 4, 5, 4, 6, 3, 5, 4, 5, 4, 5, 4, 5, 4, 6, 4, 5, 4],
    "孢子产生量 (1–5)": [3, 2, 3, 2, 3, 2, 3, 2, 3, 2, 3, 2, 3, 2, 3, 2, 3, 2, 3, 2],
    "颜色鲜艳度 (1–5)": [3, 3, 4, 2, 3, 3, 4, 2, 3, 3, 3, 3, 3, 3, 4, 2, 4, 2, 3, 3],
    "总体严重程度 (1–9)": [4, 4, 5, 3, 4, 4, 5, 3, 4, 3, 4, 4, 4, 4, 5, 3, 5, 3, 4, 4]
}

49.data = {
    "专家编号": [1, 2, 3, 4, 5, 6, 7, 8, 9, 10, 11, 12, 13, 14, 15, 16, 17, 18, 19, 20],
    "感染面积比例 (%)": [38, 35, 40, 33, 39, 36, 41, 32, 38, 35, 39, 36, 38, 34, 40, 35, 41, 33, 39, 36],
    "病斑密度 (1–10)": [7, 6, 8, 6, 7, 6, 8, 5, 7, 6, 7, 6, 7, 6, 8, 6, 8, 6, 7, 6],
    "孢子产生量 (1–5)": [4, 3, 4, 3, 4, 3, 4, 3, 4, 3, 4, 3, 4, 3, 4, 3, 4, 3, 4, 3],
    "颜色鲜艳度 (1–5)": [4, 4, 5, 3, 4, 4, 5, 3, 4, 4, 4, 4, 4, 3, 5, 4, 5, 3, 4, 4],
    "总体严重程度 (1–9)": [6, 5, 7, 5, 6, 5, 7, 4, 6, 5, 6, 5, 6, 5, 7, 5, 7, 5, 6, 5]
}

50.data = {
    "专家编号": [1, 2, 3, 4, 5, 6, 7, 8, 9, 10, 11, 12, 13, 14, 15, 16, 17, 18, 19, 20],
    "感染面积比例 (%)": [34, 31, 37, 30, 35, 32, 38, 29, 36, 33, 35, 32, 34, 31, 36, 33, 37, 30, 35, 32],
    "病斑密度 (1–10)": [6, 6, 7, 5, 6, 6, 7, 5, 7, 6, 6, 6, 6, 5, 7, 6, 7, 5, 6, 6],
    "孢子产生量 (1–5)": [3, 3, 4, 3, 3, 3, 4, 2, 4, 3, 3, 3, 3, 3, 4, 3, 4, 3, 3, 3],
    "颜色鲜艳度 (1–5)": [4, 3, 4, 3, 4, 3, 4, 3, 4, 3, 4, 3, 4, 3, 4, 3, 4, 3, 4, 3],
    "总体严重程度 (1–9)": [5, 5, 6, 4, 5, 5, 6, 4, 6, 5, 5, 5, 5, 5, 6, 5, 6, 4, 5, 5]
}

51.data = {
    "专家编号": [1, 2, 3, 4, 5, 6, 7, 8, 9, 10, 11, 12, 13, 14, 15, 16, 17, 18, 19, 20],
    "感染面积比例 (%)": [22, 25, 18, 21, 23, 20, 19, 24, 26, 22, 19, 21, 23, 25, 20, 22, 24, 19, 21, 23],
    "病斑密度 (1–10)": [6, 7, 5, 6, 7, 6, 5, 7, 8, 6, 5, 6, 7, 7, 6, 6, 7, 5, 6, 7],
    "孢子产生量 (1–5)": [3, 4, 3, 3, 4, 3, 3, 4, 4, 3, 3, 3, 4, 4, 3, 3, 4, 3, 3, 4],
    "颜色鲜艳度 (1–5)": [4, 4, 3, 4, 4, 3, 3, 4, 5, 4, 3, 4, 4, 5, 3, 4, 4, 3, 4, 4],
    "总体严重程度 (1–9)": [5, 6, 4, 5, 6, 5, 4, 6, 7, 5, 4, 5, 6, 6, 5, 5, 6, 4, 5, 6]
}

52.data = {
    "专家编号": [1, 2, 3, 4, 5, 6, 7, 8, 9, 10, 11, 12, 13, 14, 15, 16, 17, 18, 19, 20]),
    "感染面积比例 (%)": [35, 38, 32, 36, 39, 35, 33, 37, 40, 36, 34, 37, 38, 35, 33, 36, 39, 34, 37, 35],
    "病斑密度 (1–10)": [8, 9, 7, 8, 9, 8, 7, 8, 9, 8, 7, 8, 9, 8, 7, 8, 9, 7, 8, 8],
    "孢子产生量 (1–5)": [4, 5, 4, 4, 5, 4, 4, 5, 5, 4, 4, 5, 5, 4, 4, 4, 5, 4, 5, 4],
    "颜色鲜艳度 (1–5)": [5, 5, 4, 5, 5, 4, 4, 5, 5, 5, 4, 5, 5, 4, 4, 5, 5, 4, 5, 5],
    "总体严重程度 (1–9)": [7, 8, 6, 7, 8, 7, 6, 7, 8, 7, 6, 7, 8, 7, 6, 7, 8, 6, 7, 7]
}

53.data = {
    "专家编号": [1, 2, 3, 4, 5, 6, 7, 8, 9, 10, 11, 12, 13, 14, 15, 16, 17, 18, 19, 20],
    "感染面积比例 (%)": [15, 18, 13, 16, 14, 17, 15, 19, 14, 16, 13, 15, 17, 14, 16, 15, 18, 14, 16, 15],
    "病斑密度 (1–10)": [4, 5, 3, 4, 4, 5, 4, 5, 3, 4, 3, 4, 5, 4, 4, 4, 5, 3, 4, 4],
    "孢子产生量 (1–5)": [2, 3, 2, 2, 2, 3, 2, 3, 2, 2, 2, 2, 3, 2, 2, 2, 3, 2, 2, 2],
    "颜色鲜艳度 (1–5)": [3, 4, 3, 3, 3, 4, 3, 4, 3, 3, 3, 3, 4, 3, 3, 3, 4, 3, 3, 3],
    "总体严重程度 (1–9)": [3, 4, 3, 3, 3, 4, 3, 4, 3, 3, 3, 3, 4, 3, 3, 3, 4, 3, 3, 3]
}

54.data = {
    "专家编号": [1, 2, 3, 4, 5, 6, 7, 8, 9, 10, 11, 12, 13, 14, 15, 16, 17, 18, 19, 20],
    "感染面积比例 (%)": [20, 23, 18, 21, 19, 22, 20, 24, 19, 21, 18, 20, 22, 19, 21, 20, 23, 19, 21, 20],
    "病斑密度 (1–10)": [5, 6, 4, 5, 5, 6, 5, 6, 4, 5, 4, 5, 6, 5, 5, 5, 6, 4, 5, 5],
    "孢子产生量 (1–5)": [3, 3, 2, 3, 3, 3, 3, 4, 2, 3, 2, 3, 3, 3, 3, 3, 3, 2, 3, 3],
    "颜色鲜艳度 (1–5)": [4, 4, 3, 4, 3, 4, 4, 4, 3, 4, 3, 4, 4, 3, 4, 4, 4, 3, 4, 4],
    "总体严重程度 (1–9)": [4, 5, 3, 4, 4, 5, 4, 5, 3, 4, 3, 4, 5, 4, 4, 4, 5, 3, 4, 4]
}

55.data = {
    "专家编号": [1,2,3,4,5,6,7,8,9,10,11,12,13,14,15,16,17,18,19,20],
    "感染面积比例 (%)": [8, 10, 7, 9, 8, 11, 7, 10, 9, 8, 7, 9, 10, 8, 9, 8, 11, 7, 9, 8],
    "病斑密度 (1–10)": [3, 3, 2, 3, 3, 4, 2, 3, 3, 3, 2, 3, 3, 3, 3, 3, 4, 2, 3, 3],
    "孢子产生量 (1–5)": [2, 2, 1, 2, 2, 2, 1, 2, 2, 2, 1, 2, 2, 2, 2, 2, 2, 1, 2, 2],
    "颜色鲜艳度 (1–5)": [3, 3, 2, 3, 3, 3, 2, 3, 3, 3, 2, 3, 3, 3, 3, 3, 3, 2, 3, 3],
    "总体严重程度 (1–9)": [2, 3, 2, 2, 2, 3, 2, 3, 2, 2, 2, 2, 3, 2, 2, 2, 3, 2, 2, 2]
}

56.data = {
    "专家编号": [1,2,3,4,5,6,7,8,9,10,11,12,13,14,15,16,17,18,19,20],
    "感染面积比例 (%)": [5, 7, 4, 6, 5, 8, 4, 7, 6, 5, 4, 6, 7, 5, 6, 5, 8, 4, 6, 5],
    "病斑密度 (1–10)": [2, 3, 2, 2, 2, 3, 2, 3, 2, 2, 2, 2, 3, 2, 2, 2, 3, 2, 2, 2],
    "孢子产生量 (1–5)": [1, 2, 1, 1, 1, 2, 1, 2, 1, 1, 1, 1, 2, 1, 1, 1, 2, 1, 1, 1],
    "颜色鲜艳度 (1–5)": [2, 3, 2, 2, 2, 3, 2, 3, 2, 2, 2, 2, 3, 2, 2, 2, 3, 2, 2, 2],
    "总体严重程度 (1–9)": [2, 2, 1, 2, 2, 3, 1, 2, 2, 2, 1, 2, 2, 2, 2, 2, 3, 1, 2, 2]
}

57.data = {
    "专家编号": [1,2,3,4,5,6,7,8,9,10,11,12,13,14,15,16,17,18,19,20],
    "感染面积比例 (%)": [75, 80, 72, 78, 76, 83, 70, 79, 77, 75, 73, 76, 81, 74, 77, 76, 82, 71, 78, 75],
    "病斑密度 (1–10)": [9, 10, 8, 9, 9, 10, 8, 9, 9, 9, 8, 9, 10, 8, 9, 9, 10, 8, 9, 9],
    "孢子产生量 (1–5)": [5, 5, 4, 5, 5, 5, 4, 5, 5, 5, 4, 5, 5, 4, 5, 5, 5, 4, 5, 5],
    "颜色鲜艳度 (1–5)": [5, 5, 4, 5, 5, 5, 4, 5, 5, 5, 4, 5, 5, 4, 5, 5, 5, 4, 5, 5],
    "总体严重程度 (1–9)": [8, 9, 7, 8, 8, 9, 7, 8, 8, 8, 7, 8, 9, 7, 8, 8, 9, 7, 8, 8]
}

58.data = {
    "专家编号": [1,2,3,4,5,6,7,8,9,10,11,12,13,14,15,16,17,18,19,20],
    "感染面积比例 (%)": [55, 60, 52, 58, 56, 62, 50, 59, 57, 55, 53, 56, 61, 54, 57, 56, 60, 51, 58, 55],
    "病斑密度 (1–10)": [7, 8, 6, 7, 7, 8, 6, 7, 7, 7, 6, 7, 8, 6, 7, 7, 8, 6, 7, 7],
    "孢子产生量 (1–5)": [4, 4, 3, 4, 4, 4, 3, 4, 4, 4, 3, 4, 4, 3, 4, 4, 4, 3, 4, 4],
    "颜色鲜艳度 (1–5)": [4, 4, 3, 4, 4, 4, 3, 4, 4, 4, 3, 4, 4, 3, 4, 4, 4, 3, 4, 4],
    "总体严重程度 (1–9)": [6, 7, 5, 6, 6, 7, 5, 6, 6, 6, 5, 6, 7, 5, 6, 6, 7, 5, 6, 6]
}

59.data = {
    "专家编号": [1,2,3,4,5,6,7,8,9,10,11,12,13,14,15,16,17,18,19,20],
    "感染面积比例 (%)": [6, 8, 5, 7, 6, 9, 5, 8, 7, 6, 5, 7, 8, 6, 7, 6, 9, 5, 7, 6],
    "病斑密度 (1–10)": [2, 3, 2, 2, 2, 3, 2, 3, 2, 2, 2, 2, 3, 2, 2, 2, 3, 2, 2, 2],
    "孢子产生量 (1–5)": [2, 2, 1, 2, 2, 2, 1, 2, 2, 2, 1, 2, 2, 2, 2, 2, 2, 1, 2, 2],
    "颜色鲜艳度 (1–5)": [3, 3, 2, 3, 3, 3, 2, 3, 3, 3, 2, 3, 3, 3, 3, 3, 3, 2, 3, 3],
    "总体严重程度 (1–9)": [2, 3, 2, 2, 2, 3, 2, 3, 2, 2, 2, 2, 3, 2, 2, 2, 3, 2, 2, 2]
}

60.data = {
    "专家编号":[1,2,3,4,5,6,7,8,9,10,11,12,13,14,15,16,17,18,19,20],
    "感染面积比例 (%)": [28, 25, 30, 26, 32, 27, 29, 24, 31, 28, 26, 33, 29, 27, 25, 30, 28, 31, 26, 29],
    "病斑密度 (1–10)": [6, 5, 6, 5, 7, 6, 6, 5, 7, 6, 5, 7, 6, 5, 5, 6, 6, 7, 5, 6],
    "孢子产生量 (1–5)": [3, 3, 4, 3, 4, 3, 3, 2, 4, 3, 3, 4, 3, 3, 2, 4, 3, 4, 3, 3],
    "颜色鲜艳度 (1–5)": [4, 3, 4, 3, 4, 3, 4, 3, 4, 4, 3, 4, 3, 3, 3, 4, 4, 4, 3, 4],
    "总体严重程度 (1–9)": [5, 4, 6, 5, 6, 5, 5, 4, 6, 5, 4, 6, 5, 4, 4, 6, 5, 6, 4, 5]
}

61.data = {
    "专家编号": [1,2,3,4,5,6,7,8,9,10,11,12,13,14,15,16,17,18,19,20],
    "感染面积比例 (%)": [28, 25, 30, 26, 32, 27, 29, 24, 31, 28, 26, 33, 29, 27, 25, 30, 28, 31, 26, 29],
    "病斑密度 (1–10)": [6, 5, 6, 5, 7, 6, 6, 5, 7, 6, 5, 7, 6, 5, 5, 6, 6, 7, 5, 6],
    "孢子产生量 (1–5)": [3, 3, 4, 3, 4, 3, 3, 2, 4, 3, 3, 4, 3, 3, 2, 4, 3, 4, 3, 3],
    "颜色鲜艳度 (1–5)": [4, 3, 4, 3, 4, 3, 4, 3, 4, 4, 3, 4, 3, 3, 3, 4, 4, 4, 3, 4],
    "总体严重程度 (1–9)": [5, 4, 6, 5, 6, 5, 5, 4, 6, 5, 4, 6, 5, 4, 4, 6, 5, 6, 4, 5]
}

62.data = {
    "专家编号": [1,2,3,4,5,6,7,8,9,10,11,12,13,14,15,16,17,18,19,20],
    "感染面积比例 (%)": [15, 18, 12, 16, 14, 17, 13, 15, 19, 14, 16, 13, 17, 15, 18, 14, 16, 12, 15, 17],
    "病斑密度 (1–10)": [4, 5, 3, 4, 4, 5, 3, 4, 5, 4, 4, 3, 5, 4, 5, 4, 4, 3, 4, 5],
    "孢子产生量 (1–5)": [2, 3, 2, 2, 2, 3, 2, 2, 3, 2, 2, 2, 3, 2, 3, 2, 2, 2, 2, 3],
    "颜色鲜艳度 (1–5)": [3, 4, 3, 3, 3, 4, 3, 3, 4, 3, 3, 3, 4, 3, 4, 3, 3, 3, 3, 4],
    "总体严重程度 (1–9)": [3, 4, 3, 3, 3, 4, 3, 3, 4, 3, 3, 3, 4, 3, 4, 3, 3, 3, 3, 4]
}

63.data = {
    "专家编号": [1,2,3,4,5,6,7,8,9,10,11,12,13,14,15,16,17,18,19,20],
    "感染面积比例 (%)": [8, 6, 9, 7, 5, 8, 10, 7, 9, 6, 8, 5, 7, 9, 6, 8, 7, 10, 6, 8],
    "病斑密度 (1–10)": [3, 2, 3, 2, 2, 3, 3, 2, 3, 2, 3, 2, 2, 3, 2, 3, 2, 3, 2, 3],
    "孢子产生量 (1–5)": [2, 1, 2, 1, 1, 2, 2, 1, 2, 1, 2, 1, 1, 2, 1, 2, 1, 2, 1, 2],
    "颜色鲜艳度 (1–5)": [2, 2, 3, 2, 2, 2, 3, 2, 3, 2, 2, 2, 2, 3, 2, 2, 2, 3, 2, 2],
    "总体严重程度 (1–9)": [2, 2, 3, 2, 2, 2, 3, 2, 3, 2, 2, 2, 2, 3, 2, 2, 2, 3, 2, 2]
}

64.data = {
    "专家编号": [1,2,3,4,5,6,7,8,9,10,11,12,13,14,15,16,17,18,19,20],
    "感染面积比例 (%)": [5, 7, 4, 6, 5, 8, 4, 6, 5, 7, 4, 6, 5, 7, 4, 6, 5, 8, 4, 6],
    "病斑密度 (1–10)": [2, 3, 2, 2, 2, 3, 2, 2, 2, 3, 2, 2, 2, 3, 2, 2, 2, 3, 2, 2],
    "孢子产生量 (1–5)": [1, 2, 1, 1, 1, 2, 1, 1, 1, 2, 1, 1, 1, 2, 1, 1, 1, 2, 1, 1],
    "颜色鲜艳度 (1–5)": [2, 3, 2, 2, 2, 3, 2, 2, 2, 3, 2, 2, 2, 3, 2, 2, 2, 3, 2, 2],
    "总体严重程度 (1–9)": [2, 3, 1, 2, 2, 3, 1, 2, 2, 3, 1, 2, 2, 3, 1, 2, 2, 3, 1, 2]
}

65.data = {
  "专家编号": [1, 2, 3, 4, 5, 6, 7, 8, 9, 10, 11, 12, 13, 14, 15, 16, 17, 18, 19, 20],
  "感染面积比例 (%)": [35, 42, 38, 40, 45, 30, 35, 43, 40, 37, 33, 45, 38, 39, 42, 36, 41, 37, 34, 40],
  "病斑密度 (1–10)": [7, 8, 7, 8, 9, 6, 7, 8, 7, 7, 6, 8, 7, 8, 8, 7, 8, 7, 6, 7],
  "孢子产生量 (1–5)": [4, 4, 3, 4, 5, 3, 4, 4, 3, 4, 3, 5, 4, 4, 4, 3, 4, 3, 3, 4],
  "颜色鲜艳度 (1–5)": [4, 5, 4, 4, 5, 3, 4, 5, 4, 4, 3, 5, 4, 4, 5, 4, 4, 3, 4, 4],
  "总体严重程度 (1–9)": [6, 7, 6, 7, 8, 5, 6, 7, 6, 6, 5, 8, 6, 7, 7, 6, 7, 6, 5, 6]
}


66.data = {
  "专家编号": [1, 2, 3, 4, 5, 6, 7, 8, 9, 10, 11, 12, 13, 14, 15, 16, 17, 18, 19, 20],
  "感染面积比例 (%)": [15, 18, 12, 16, 20, 14, 17, 13, 19, 15, 14, 18, 16, 13, 17, 15, 19, 16, 14, 17],
  "病斑密度 (1–10)": [5, 6, 4, 5, 6, 5, 6, 4, 6, 5, 4, 6, 5, 4, 5, 5, 6, 5, 4, 5],
  "孢子产生量 (1–5)": [3, 4, 3, 3, 4, 3, 4, 2, 4, 3, 3, 4, 3, 3, 4, 3, 4, 3, 3, 3],
  "颜色鲜艳度 (1–5)": [4, 5, 4, 4, 5, 4, 5, 3, 5, 4, 4, 5, 4, 3, 4, 4, 5, 4, 4, 4],
  "总体严重程度 (1–9)": [4, 5, 3, 4, 5, 4, 5, 3, 5, 4, 3, 5, 4, 3, 4, 4, 5, 4, 3, 4]
}

67.data = {
  "专家编号": [1, 2, 3, 4, 5, 6, 7, 8, 9, 10, 11, 12, 13, 14, 15, 16, 17, 18, 19, 20],
  "感染面积比例 (%)": [5, 7, 4, 6, 8, 5, 6, 3, 7, 5, 4, 7, 5, 3, 6, 5, 8, 6, 4, 6],
  "病斑密度 (1–10)": [3, 4, 2, 3, 4, 3, 3, 2, 4, 3, 2, 4, 3, 2, 3, 3, 4, 3, 2, 3],
  "孢子产生量 (1–5)": [2, 3, 2, 2, 3, 2, 2, 1, 3, 2, 2, 3, 2, 1, 2, 2, 3, 2, 2, 2],
  "颜色鲜艳度 (1–5)": [3, 4, 3, 3, 4, 3, 3, 2, 4, 3, 3, 4, 3, 2, 3, 3, 4, 3, 3, 3],
  "总体严重程度 (1–9)": [2, 3, 2, 2, 3, 2, 2, 1, 3, 2, 2, 3, 2, 1, 2, 2, 3, 2, 2, 2]
}

68.data = {
  "专家编号": [1, 2, 3, 4, 5, 6, 7, 8, 9, 10, 11, 12, 13, 14, 15, 16, 17, 18, 19, 20],
  "感染面积比例 (%)": [4, 6, 3, 5, 7, 4, 5, 2, 6, 4, 3, 6, 4, 3, 5, 4, 7, 5, 3, 5],
  "病斑密度 (1–10)": [2, 3, 2, 2, 3, 2, 3, 1, 3, 2, 2, 3, 2, 1, 2, 2, 3, 2, 2, 2],
  "孢子产生量 (1–5)": [2, 2, 1, 2, 3, 2, 2, 1, 2, 2, 1, 2, 2, 1, 2, 2, 3, 2, 1, 2],
  "颜色鲜艳度 (1–5)": [3, 4, 3, 3, 4, 3, 3, 2, 4, 3, 2, 4, 3, 2, 3, 3, 4, 3, 2, 3],
  "总体严重程度 (1–9)": [2, 3, 1, 2, 3, 2, 2, 1, 3, 2, 1, 3, 2, 1, 2, 2, 3, 2, 1, 2]
}

69.data = {
  "专家编号": [1, 2, 3, 4, 5, 6, 7, 8, 9, 10, 11, 12, 13, 14, 15, 16, 17, 18, 19, 20],
  "感染面积比例 (%)": [8, 10, 7, 9, 12, 8, 9, 6, 11, 8, 7, 11, 9, 7, 10, 8, 12, 9, 7, 9],
  "病斑密度 (1–10)": [5, 6, 4, 5, 6, 5, 5, 4, 6, 5, 4, 6, 5, 4, 5, 5, 6, 5, 4, 5],
  "孢子产生量 (1–5)": [3, 4, 3, 3, 4, 3, 3, 2, 4, 3, 3, 4, 3, 2, 3, 3, 4, 3, 3, 3],
  "颜色鲜艳度 (1–5)": [4, 5, 4, 4, 5, 4, 4, 3, 5, 4, 3, 5, 4, 3, 4, 4, 5, 4, 4, 4],
  "总体严重程度 (1–9)": [3, 4, 3, 3, 4, 3, 3, 2, 4, 3, 2, 4, 3, 2, 3, 3, 4, 3, 3, 3]
}

70.data = {
  "专家编号": [1, 2, 3, 4, 5, 6, 7, 8, 9, 10, 11, 12, 13, 14, 15, 16, 17, 18, 19, 20],
  "感染面积比例 (%)": [12, 15, 10, 13, 17, 11, 14, 9, 16, 12, 10, 15, 13, 10, 14, 12, 16, 13, 11, 14],
  "病斑密度 (1–10)": [6, 7, 5, 6, 8, 6, 7, 5, 7, 6, 5, 7, 6, 5, 7, 6, 8, 7, 5, 6],
  "孢子产生量 (1–5)": [4, 4, 3, 4, 5, 3, 4, 3, 4, 4, 3, 4, 4, 3, 4, 3, 5, 4, 3, 4],
  "颜色鲜艳度 (1–5)": [4, 5, 4, 4, 5, 4, 5, 3, 5, 4, 4, 5, 4, 3, 4, 4, 5, 4, 4, 4],
  "总体严重程度 (1–9)": [4, 5, 3, 4, 6, 4, 5, 3, 5, 4, 3, 5, 4, 3, 5, 4, 6, 5, 4, 5]
}

71.data = {
  "专家编号": [1, 2, 3, 4, 5, 6, 7, 8, 9, 10, 11, 12, 13, 14, 15, 16, 17, 18, 19, 20],
  "感染面积比例 (%)": [18, 22, 16, 20, 25, 17, 21, 15, 23, 19, 16, 24, 20, 17, 22, 18, 25, 21, 16, 19],
  "病斑密度 (1–10)": [7, 8, 6, 7, 9, 7, 8, 6, 8, 7, 6, 8, 7, 6, 8, 7, 9, 8, 6, 7],
  "孢子产生量 (1–5)": [4, 5, 3, 4, 5, 4, 4, 3, 5, 4, 3, 5, 4, 3, 4, 4, 5, 4, 3, 4],
  "颜色鲜艳度 (1–5)": [5, 5, 4, 5, 5, 4, 5, 4, 5, 5, 4, 5, 5, 4, 5, 4, 5, 5, 4, 5],
  "总体严重程度 (1–9)": [6, 7, 5, 6, 8, 5, 7, 5, 7, 6, 5, 7, 6, 5, 7, 6, 8, 7, 5, 6]
}

72.data = {
  "专家编号": [1, 2, 3, 4, 5, 6, 7, 8, 9, 10, 11, 12, 13, 14, 15, 16, 17, 18, 19, 20],
  "感染面积比例 (%)": [22, 25, 18, 23, 30, 20, 24, 17, 28, 22, 19, 27, 23, 19, 26, 21, 29, 24, 18, 23],
  "病斑密度 (1–10)": [7, 8, 6, 7, 9, 7, 8, 6, 8, 7, 6, 9, 7, 6, 8, 7, 9, 8, 6, 7],
  "孢子产生量 (1–5)": [4, 5, 3, 4, 5, 4, 4, 3, 5, 4, 3, 5, 4, 3, 4, 4, 5, 4, 3, 4],
  "颜色鲜艳度 (1–5)": [5, 5, 4, 5, 5, 4, 5, 4, 5, 5, 4, 5, 5, 4, 5, 4, 5, 5, 4, 5],
  "总体严重程度 (1–9)": [6, 7, 5, 6, 8, 6, 7, 5, 8, 6, 5, 7, 6, 5, 7, 6, 8, 7, 5, 6]
}

73.data = {
  "专家编号": [1, 2, 3, 4, 5, 6, 7, 8, 9, 10, 11, 12, 13, 14, 15, 16, 17, 18, 19, 20],
  "感染面积比例 (%)": [2, 3, 1, 2, 4, 2, 3, 1, 3, 2, 1, 3, 2, 1, 3, 2, 4, 2, 1, 2],
  "病斑密度 (1–10)": [2, 2, 1, 2, 3, 1, 2, 1, 2, 2, 1, 2, 2, 1, 2, 1, 3, 2, 1, 2],
  "孢子产生量 (1–5)": [1, 2, 1, 1, 2, 1, 2, 1, 2, 1, 1, 2, 1, 1, 2, 1, 2, 1, 1, 1],
  "颜色鲜艳度 (1–5)": [2, 3, 2, 2, 3, 2, 3, 1, 3, 2, 2, 3, 2, 1, 2, 2, 3, 2, 2, 2],
  "总体严重程度 (1–9)": [1, 2, 1, 1, 2, 1, 2, 1, 2, 1, 1, 2, 1, 1, 2, 1, 2, 1, 1, 1]
}

74.data = {
  "专家编号": [1, 2, 3, 4, 5, 6, 7, 8, 9, 10, 11, 12, 13, 14, 15, 16, 17, 18, 19, 20],
  "感染面积比例 (%)": [20, 25, 18, 22, 28, 19, 23, 16, 26, 21, 17, 27, 22, 18, 24, 20, 28, 23, 17, 22],
  "病斑密度 (1–10)": [7, 8, 6, 7, 8, 6, 7, 5, 8, 7, 6, 8, 7, 6, 7, 7, 9, 7, 6, 7],
  "孢子产生量 (1–5)": [4, 5, 3, 4, 5, 3, 4, 3, 5, 4, 3, 5, 4, 3, 4, 4, 5, 4, 3, 4],
  "颜色鲜艳度 (1–5)": [5, 5, 4, 5, 5, 4, 5, 4, 5, 5, 4, 5, 5, 4, 5, 4, 5, 5, 4, 5],
  "总体严重程度 (1–9)": [6, 7, 5, 6, 7, 5, 6, 4, 7, 6, 5, 7, 6, 5, 6, 6, 8, 6, 5, 6]
}

75.data = {
  "专家编号": [1, 2, 3, 4, 5, 6, 7, 8, 9, 10, 11, 12, 13, 14, 15, 16, 17, 18, 19, 20],
  "感染面积比例 (%)": [25, 30, 22, 26, 33, 24, 28, 20, 32, 25, 21, 31, 27, 23, 29, 24, 32, 27, 22, 26],
  "病斑密度 (1–10)": [7, 8, 6, 7, 9, 7, 8, 6, 8, 7, 6, 8, 7, 6, 8, 7, 9, 8, 6, 7],
  "孢子产生量 (1–5)": [4, 5, 3, 4, 5, 4, 4, 3, 5, 4, 3, 5, 4, 3, 4, 4, 5, 4, 3, 4],
  "颜色鲜艳度 (1–5)": [5, 5, 4, 5, 5, 4, 5, 4, 5, 5, 4, 5, 5, 4, 5, 4, 5, 5, 4, 5],
  "总体严重程度 (1–9)": [6, 7, 5, 6, 8, 6, 7, 5, 7, 6, 5, 7, 6, 5, 7, 6, 8, 7, 5, 6]
}

76.data = {
  "专家编号": [1, 2, 3, 4, 5, 6, 7, 8, 9, 10, 11, 12, 13, 14, 15, 16, 17, 18, 19, 20],
  "感染面积比例 (%)": [18, 22, 15, 20, 25, 17, 21, 14, 23, 19, 16, 24, 20, 15, 22, 18, 25, 21, 16, 19],
  "病斑密度 (1–10)": [7, 8, 6, 7, 8, 6, 7, 5, 8, 7, 6, 8, 7, 5, 7, 6, 8, 7, 6, 7],
  "孢子产生量 (1–5)": [4, 5, 3, 4, 5, 3, 4, 3, 5, 4, 3, 5, 4, 3, 4, 4, 5, 4, 3, 4],
  "颜色鲜艳度 (1–5)": [5, 5, 4, 5, 5, 4, 5, 4, 5, 5, 4, 5, 5, 4, 5, 4, 5, 5, 4, 5],
  "总体严重程度 (1–9)": [6, 7, 5, 6, 7, 5, 6, 4, 7, 6, 5, 7, 6, 4, 6, 5, 7, 6, 5, 6]
}

77.data = {
"专家编号": [1, 2, 3, 4, 5, 6, 7, 8, 9, 10, 11, 12, 13, 14, 15, 16, 17, 18, 19, 20],
"感染面积比例 (%)": [18, 22, 15, 20, 25, 17, 21, 19, 23, 16, 24, 20, 18, 22, 19, 17, 23, 21, 18, 20],
"病斑密度 (1-10)": [5, 6, 4, 5, 7, 5, 6, 5, 6, 4, 7, 6, 5, 6, 5, 4, 6, 5, 5, 6],
"孢子产生量 (1-5)": [3, 3, 2, 3, 4, 3, 3, 2, 3, 2, 4, 3, 3, 4, 3, 2, 4, 3, 2, 3],
"颜色鲜艳度 (1-5)": [4, 4, 3, 4, 5, 3, 4, 3, 4, 3, 5, 4, 3, 4, 4, 3, 4, 4, 3, 4],
"总体严重程度 (1-9)": [5, 6, 4, 5, 7, 4, 5, 5, 6, 4, 6, 5, 5, 6, 5, 4, 6, 5, 4, 5]
}

78.data = {
    "专家编号": [1, 2, 3, 4, 5, 6, 7, 8, 9, 10, 11, 12, 13, 14, 15, 16, 17, 18, 19, 20],
    "感染面积比例 (%)": [12, 15, 10, 14, 13, 9, 16, 11, 14, 12, 15, 13, 10, 12, 14, 11, 15, 13, 12, 14],
    "病斑密度 (1-10)": [5, 6, 4, 5, 6, 4, 7, 5, 6, 5, 6, 5, 4, 5, 6, 4, 6, 5, 5, 6],
    "孢子产生量 (1-5)": [3, 4, 3, 3, 4, 2, 4, 3, 3, 3, 4, 3, 2, 3, 3, 3, 4, 3, 3, 4],
    "颜色鲜艳度 (1-5)": [4, 4, 3, 4, 4, 3, 5, 4, 4, 3, 4, 4, 3, 4, 4, 3, 4, 4, 4, 5],
    "总体严重程度 (1-9)": [4, 5, 3, 4, 5, 3, 6, 4, 5, 4, 5, 4, 3, 4, 5, 4, 5, 4, 4, 5]
}

79.data = {
    "专家编号": [1, 2, 3, 4, 5, 6, 7, 8, 9, 10, 11, 12, 13, 14, 15, 16, 17, 18, 19, 20],
    "感染面积比例 (%)": [4, 5, 3, 6, 4, 3, 5, 4, 5, 3, 4, 6, 3, 5, 4, 3, 5, 4, 6, 4],
    "病斑密度 (1-10)": [3, 4, 2, 4, 3, 2, 3, 3, 4, 2, 3, 4, 2, 3, 3, 2, 4, 3, 4, 3],
    "孢子产生量 (1-5)": [2, 3, 2, 3, 2, 1, 2, 2, 3, 2, 2, 3, 1, 2, 2, 1, 3, 2, 3, 2],
    "颜色鲜艳度 (1-5)": [3, 4, 3, 4, 3, 2, 3, 3, 4, 3, 3, 4, 2, 3, 3, 2, 4, 3, 4, 3],
    "总体严重程度 (1-9)": [2, 3, 2, 3, 2, 1, 2, 2, 3, 2, 2, 3, 1, 2, 2, 1, 3, 2, 3, 2]
}

80.data = {
    "专家编号": [1, 2, 3, 4, 5, 6, 7, 8, 9, 10, 11, 12, 13, 14, 15, 16, 17, 18, 19, 20],
    "感染面积比例 (%)": [3, 2, 4, 3, 2, 3, 4, 2, 3, 2, 3, 4, 2, 3, 2, 3, 2, 3, 4, 3],
    "病斑密度 (1-10)": [2, 1, 3, 2, 2, 2, 3, 1, 2, 1, 2, 3, 2, 2, 1, 2, 1, 2, 3, 2],
    "孢子产生量 (1-5)": [2, 1, 2, 2, 1, 2, 3, 1, 2, 1, 2, 2, 1, 2, 1, 2, 1, 2, 2, 2],
    "颜色鲜艳度 (1-5)": [3, 2, 4, 3, 3, 3, 4, 2, 3, 2, 3, 4, 3, 3, 2, 3, 3, 3, 4, 3],
    "总体严重程度 (1-9)": [2, 1, 3, 2, 1, 2, 3, 1, 2, 1, 2, 3, 1, 2, 1, 2, 1, 2, 3, 2]
}

81.data = {
    "专家编号": [1, 2, 3, 4, 5, 6, 7, 8, 9, 10, 11, 12, 13, 14, 15, 16, 17, 18, 19, 20],
    "感染面积比例 (%)": [8, 10, 7, 9, 8, 6, 10, 7, 9, 8, 11, 7, 9, 8, 10, 7, 9, 8, 10, 7],
    "病斑密度 (1-10)": [6, 7, 5, 6, 6, 5, 7, 5, 6, 6, 7, 5, 6, 6, 7, 5, 6, 6, 7, 5],
    "孢子产生量 (1-5)": [4, 5, 3, 4, 4, 3, 5, 3, 4, 4, 5, 3, 4, 4, 5, 3, 4, 4, 5, 3],
    "颜色鲜艳度 (1-5)": [5, 5, 4, 5, 4, 4, 5, 4, 5, 4, 5, 4, 5, 4, 5, 4, 5, 4, 5, 4],
    "总体严重程度 (1-9)": [5, 6, 4, 5, 5, 4, 6, 4, 5, 5, 6, 4, 5, 5, 6, 4, 5, 5, 6, 4]
}

82.data = {
    "专家编号": [1, 2, 3, 4, 5, 6, 7, 8, 9, 10, 11, 12, 13, 14, 15, 16, 17, 18, 19, 20],
    "感染面积比例 (%)": [6, 8, 5, 7, 6, 5, 8, 6, 7, 5, 8, 6, 7, 6, 8, 5, 7, 6, 8, 5],
    "病斑密度 (1-10)": [5, 6, 4, 5, 5, 4, 6, 5, 5, 4, 6, 5, 5, 5, 6, 4, 5, 5, 6, 4],
    "孢子产生量 (1-5)": [3, 4, 3, 3, 3, 2, 4, 3, 3, 2, 4, 3, 3, 3, 4, 2, 3, 3, 4, 2],
    "颜色鲜艳度 (1-5)": [4, 5, 4, 4, 4, 3, 5, 4, 4, 3, 5, 4, 4, 4, 5, 3, 4, 4, 5, 3],
    "总体严重程度 (1-9)": [4, 5, 3, 4, 4, 3, 5, 4, 4, 3, 5, 4, 4, 4, 5, 3, 4, 4, 5, 3]
}

83.data = {
    "专家编号": [1, 2, 3, 4, 5, 6, 7, 8, 9, 10, 11, 12, 13, 14, 15, 16, 17, 18, 19, 20],
    "感染面积比例 (%)": [5, 4, 6, 5, 4, 3, 6, 4, 5, 3, 6, 4, 5, 4, 6, 3, 5, 4, 6, 4],
    "病斑密度 (1-10)": [4, 3, 5, 4, 3, 2, 5, 3, 4, 2, 5, 3, 4, 3, 5, 2, 4, 3, 5, 3],
    "孢子产生量 (1-5)": [2, 2, 3, 2, 2, 1, 3, 2, 2, 1, 3, 2, 2, 2, 3, 1, 2, 2, 3, 2],
    "颜色鲜艳度 (1-5)": [3, 3, 4, 3, 3, 2, 4, 3, 3, 2, 4, 3, 3, 3, 4, 2, 3, 3, 4, 3],
    "总体严重程度 (1-9)": [3, 3, 4, 3, 3, 2, 4, 3, 3, 2, 4, 3, 3, 3, 4, 2, 3, 3, 4, 3]
}

84.data = {
    "专家编号": [1, 2, 3, 4, 5, 6, 7, 8, 9, 10, 11, 12, 13, 14, 15, 16, 17, 18, 19, 20],
    "感染面积比例 (%)": [20, 25, 18, 22, 20, 16, 24, 19, 22, 17, 25, 19, 21, 20, 23, 18, 22, 20, 24, 19],
    "病斑密度 (1-10)": [7, 8, 6, 7, 7, 6, 8, 7, 7, 6, 8, 7, 7, 7, 8, 6, 7, 7, 8, 7],
    "孢子产生量 (1-5)": [4, 5, 4, 4, 4, 3, 5, 4, 4, 3, 5, 4, 4, 4, 5, 3, 4, 4, 5, 4],
    "颜色鲜艳度 (1-5)": [5, 5, 4, 5, 4, 4, 5, 4, 5, 4, 5, 4, 5, 4, 5, 4, 5, 4, 5, 4],
    "总体严重程度 (1-9)": [6, 7, 5, 6, 6, 5, 7, 6, 6, 5, 7, 6, 6, 6, 7, 5, 6, 6, 7, 6]
}

85.data = {
    "专家编号": [1, 2, 3, 4, 5, 6, 7, 8, 9, 10, 11, 12, 13, 14, 15, 16, 17, 18, 19, 20],
    "感染面积比例 (%)": [7, 9, 6, 8, 7, 5, 9, 6, 8, 6, 9, 7, 8, 7, 9, 6, 8, 7, 9, 6],
    "病斑密度 (1-10)": [5, 6, 4, 5, 5, 4, 6, 4, 5, 4, 6, 5, 5, 5, 6, 4, 5, 5, 6, 4],
    "孢子产生量 (1-5)": [3, 4, 3, 3, 3, 2, 4, 3, 3, 2, 4, 3, 3, 3, 4, 2, 3, 3, 4, 3],
    "颜色鲜艳度 (1-5)": [4, 5, 4, 4, 4, 3, 5, 4, 4, 3, 5, 4, 4, 4, 5, 3, 4, 4, 5, 4],
    "总体严重程度 (1-9)": [4, 5, 3, 4, 4, 3, 5, 3, 4, 3, 5, 4, 4, 4, 5, 3, 4, 4, 5, 3]
}

86.data = {
    "专家编号": [1, 2, 3, 4, 5, 6, 7, 8, 9, 10, 11, 12, 13, 14, 15, 16, 17, 18, 19, 20],
    "感染面积比例 (%)": [4, 6, 3, 5, 4, 3, 5, 4, 5, 3, 6, 4, 5, 4, 5, 3, 5, 4, 6, 3],
    "病斑密度 (1-10)": [3, 4, 2, 3, 3, 2, 4, 3, 3, 2, 4, 3, 3, 3, 4, 2, 3, 3, 4, 2],
    "孢子产生量 (1-5)": [2, 3, 2, 2, 2, 1, 3, 2, 2, 1, 3, 2, 2, 2, 3, 1, 2, 2, 3, 1],
    "颜色鲜艳度 (1-5)": [3, 4, 3, 3, 3, 2, 4, 3, 3, 2, 4, 3, 3, 3, 4, 2, 3, 3, 4, 2],
    "总体严重程度 (1-9)": [3, 4, 2, 3, 3, 2, 4, 3, 3, 2, 4, 3, 3, 3, 4, 2, 3, 3, 4, 2]
}

87.data = {
    "专家编号": [1, 2, 3, 4, 5, 6, 7, 8, 9, 10, 11, 12, 13, 14, 15, 16, 17, 18, 19, 20],
    "感染面积比例 (%)": [15, 18, 12, 16, 14, 11, 17, 13, 16, 12, 17, 14, 15, 14, 18, 12, 16, 14, 17, 13],
    "病斑密度 (1-10)": [6, 7, 5, 6, 6, 5, 7, 5, 6, 5, 7, 6, 6, 6, 7, 5, 6, 6, 7, 5],
    "孢子产生量 (1-5)": [4, 5, 3, 4, 4, 3, 5, 3, 4, 3, 5, 4, 4, 4, 5, 3, 4, 4, 5, 3],
    "颜色鲜艳度 (1-5)": [4, 5, 4, 4, 4, 3, 5, 4, 4, 3, 5, 4, 4, 4, 5, 3, 4, 4, 5, 4],
    "总体严重程度 (1-9)": [5, 6, 4, 5, 5, 4, 6, 4, 5, 4, 6, 5, 5, 5, 6, 4, 5, 5, 6, 4]
}

88.data = {
    "专家编号": [1, 2, 3, 4, 5, 6, 7, 8, 9, 10, 11, 12, 13, 14, 15, 16, 17, 18, 19, 20],
    "感染面积比例 (%)": [6, 8, 5, 7, 6, 4, 8, 5, 7, 5, 8, 6, 7, 6, 8, 5, 7, 6, 8, 5],
    "病斑密度 (1-10)": [4, 5, 3, 4, 4, 3, 5, 3, 4, 3, 5, 4, 4, 4, 5, 3, 4, 4, 5, 3],
    "孢子产生量 (1-5)": [3, 4, 2, 3, 3, 2, 4, 2, 3, 2, 4, 3, 3, 3, 4, 2, 3, 3, 4, 2],
    "颜色鲜艳度 (1-5)": [4, 5, 3, 4, 4, 3, 5, 3, 4, 3, 5, 4, 4, 4, 5, 3, 4, 4, 5, 3],
    "总体严重程度 (1-9)": [4, 5, 3, 4, 4, 2, 5, 3, 4, 3, 5, 4, 4, 4, 5, 3, 4, 4, 5, 3]
}
89.data = {
  "专家编号": [1, 2, 3, 4, 5, 6, 7, 8, 9, 10, 11, 12, 13, 14, 15, 16, 17, 18, 19, 20],
  "感染面积比例 (%)": [25, 30, 28, 22, 35, 27, 23, 32, 29, 31, 26, 24, 33, 30, 28, 25, 34, 27, 29, 31],
  "病斑密度 (1–10)": [6, 7, 6, 5, 8, 6, 5, 7, 6, 7, 6, 5, 7, 7, 6, 6, 8, 6, 7, 7],
  "孢子产生量 (1–5)": [3, 4, 3, 3, 4, 3, 2, 4, 3, 4, 3, 3, 4, 3, 3, 3, 4, 3, 3, 4],
  "颜色鲜艳度 (1–5)": [4, 4, 3, 3, 4, 3, 3, 4, 3, 4, 3, 3, 4, 3, 3, 4, 4, 3, 4, 4],
  "总体严重程度 (1–9)": [5, 6, 5, 4, 7, 5, 4, 6, 5, 6, 5, 4, 6, 5, 5, 5, 7, 5, 6, 6]
}

90.data = {
  "专家编号": [1, 2, 3, 4, 5, 6, 7, 8, 9, 10, 11, 12, 13, 14, 15, 16, 17, 18, 19, 20],
  "感染面积比例 (%)": [12, 10, 15, 8, 13, 11, 14, 9, 12, 10, 13, 9, 11, 10, 12, 14, 8, 11, 10, 13],
  "病斑密度 (1–10)": [4, 3, 5, 3, 4, 3, 4, 3, 4, 3, 4, 3, 4, 3, 4, 5, 3, 4, 3, 4],
  "孢子产生量 (1–5)": [3, 2, 3, 2, 3, 2, 3, 2, 3, 2, 3, 2, 3, 2, 3, 3, 2, 3, 2, 3],
  "颜色鲜艳度 (1–5)": [4, 3, 4, 3, 4, 3, 4, 3, 4, 3, 4, 3, 4, 3, 4, 4, 3, 4, 3, 4],
  "总体严重程度 (1–9)": [3, 2, 4, 2, 3, 2, 3, 2, 3, 2, 3, 2, 3, 2, 3, 4, 2, 3, 2, 3]
}

91.data = {
  "专家编号": [1, 2, 3, 4, 5, 6, 7, 8, 9, 10, 11, 12, 13, 14, 15, 16, 17, 18, 19, 20],
  "感染面积比例 (%)": [18, 20, 15, 22, 17, 19, 16, 21, 18, 20, 16, 23, 17, 19, 15, 20, 18, 22, 16, 19],
  "病斑密度 (1–10)": [5, 6, 4, 6, 5, 5, 4, 6, 5, 6, 4, 6, 5, 5, 4, 6, 5, 6, 4, 5],
  "孢子产生量 (1–5)": [3, 4, 3, 4, 3, 3, 2, 4, 3, 4, 3, 4, 3, 3, 2, 4, 3, 4, 3, 3],
  "颜色鲜艳度 (1–5)": [4, 5, 4, 5, 4, 4, 3, 5, 4, 5, 4, 5, 4, 4, 3, 5, 4, 5, 4, 4],
  "总体严重程度 (1–9)": [4, 5, 3, 5, 4, 4, 3, 5, 4, 5, 4, 6, 4, 4, 3, 5, 4, 5, 4, 4]
}

92.data = {
  "专家编号": [1, 2, 3, 4, 5, 6, 7, 8, 9, 10, 11, 12, 13, 14, 15, 16, 17, 18, 19, 20],
  "感染面积比例 (%)": [8, 10, 7, 9, 6, 8, 11, 7, 9, 8, 10, 6, 9, 7, 8, 10, 7, 9, 8, 10],
  "病斑密度 (1–10)": [3, 4, 3, 3, 2, 3, 4, 3, 3, 3, 4, 2, 3, 3, 3, 4, 3, 3, 3, 4],
  "孢子产生量 (1–5)": [2, 3, 2, 2, 1, 2, 3, 2, 2, 2, 3, 1, 2, 2, 2, 3, 2, 2, 2, 3],
  "颜色鲜艳度 (1–5)": [3, 4, 3, 3, 2, 3, 4, 3, 3, 3, 4, 2, 3, 3, 3, 4, 3, 3, 3, 4],
  "总体严重程度 (1–9)": [2, 3, 2, 2, 1, 2, 3, 2, 2, 2, 3, 1, 2, 2, 2, 3, 2, 2, 2, 3]
}

93.data = {
  "专家编号": [1, 2, 3, 4, 5, 6, 7, 8, 9, 10, 11, 12, 13, 14, 15, 16, 17, 18, 19, 20],
  "感染面积比例 (%)": [15, 18, 12, 16, 14, 17, 13, 18, 15, 16, 14, 19, 13, 17, 15, 16, 14, 18, 13, 16],
  "病斑密度 (1–10)": [5, 6, 4, 5, 4, 5, 4, 6, 5, 5, 4, 6, 4, 5, 5, 5, 4, 6, 4, 5],
  "孢子产生量 (1–5)": [3, 4, 2, 3, 3, 3, 2, 4, 3, 3, 3, 4, 2, 3, 3, 3, 3, 4, 2, 3],
  "颜色鲜艳度 (1–5)": [4, 4, 3, 4, 3, 4, 3, 4, 4, 4, 3, 4, 3, 4, 4, 4, 3, 4, 3, 4],
  "总体严重程度 (1–9)": [4, 5, 3, 4, 3, 4, 3, 5, 4, 4, 3, 5, 3, 4, 4, 4, 3, 5, 3, 4]
}

94.data = {
    "专家编号": [1, 2, 3, 4, 5, 6, 7, 8, 9, 10, 11, 12, 13, 14, 15, 16, 17, 18, 19, 20],
    "感染面积比例 (%)": [28, 25, 30, 32, 26, 29, 31, 27, 24, 33, 28, 30, 25, 29, 32, 26, 31, 27, 30, 28],
    "病斑密度 (1-10)": [6, 5, 6, 7, 5, 6, 7, 5, 4, 7, 6, 6, 5, 6, 7, 5, 7, 5, 6, 6],
    "孢子产生量 (1-5)": [3, 2, 3, 4, 3, 3, 4, 3, 2, 4, 3, 3, 2, 3, 4, 3, 4, 3, 3, 3],
    "颜色鲜艳度 (1-5)": [4, 3, 4, 4, 3, 4, 4, 3, 3, 4, 4, 4, 3, 4, 4, 3, 4, 3, 4, 4],
    "总体严重程度 (1-9)": [5, 4, 6, 6, 5, 5, 6, 5, 4, 6, 5, 6, 4, 5, 6, 5, 6, 5, 6, 5]
}

95.data = {
    "专家编号": [1, 2, 3, 4, 5, 6, 7, 8, 9, 10, 11, 12, 13, 14, 15, 16, 17, 18, 19, 20],
    "感染面积比例 (%)": [18, 20, 15, 22, 17, 19, 16, 21, 18, 23, 17, 20, 19, 16, 22, 18, 21, 17, 19, 20],
    "病斑密度 (1-10)": [4, 5, 4, 6, 5, 4, 5, 6, 4, 5, 4, 5, 6, 4, 5, 4, 5, 4, 5, 6],
    "孢子产生量 (1-5)": [3, 4, 3, 4, 3, 3, 2, 4, 3, 4, 3, 3, 4, 3, 4, 3, 3, 2, 3, 4],
    "颜色鲜艳度 (1-5)": [4, 5, 4, 5, 4, 4, 3, 5, 4, 5, 4, 4, 5, 4, 5, 4, 4, 3, 4, 5],
    "总体严重程度 (1-9)": [5, 6, 4, 6, 5, 5, 4, 6, 5, 6, 5, 5, 6, 4, 6, 5, 5, 4, 5, 6]
}

96.data = {
    "专家编号": [1, 2, 3, 4, 5, 6, 7, 8, 9, 10, 11, 12, 13, 14, 15, 16, 17, 18, 19, 20],
    "感染面积比例 (%)": [12, 15, 13, 18, 10, 14, 16, 12, 15, 11, 17, 13, 16, 12, 14, 19, 11, 15, 13, 16],
    "病斑密度 (1–10)": [4, 5, 4, 6, 3, 5, 4, 3, 5, 4, 6, 4, 5, 3, 4, 6, 3, 5, 4, 5],
    "孢子产生量 (1–5)": [3, 2, 3, 3, 2, 3, 2, 2, 3, 2, 3, 3, 2, 2, 3, 3, 2, 3, 2, 3],
    "颜色鲜艳度 (1–5)": [4, 3, 4, 4, 3, 3, 4, 3, 4, 3, 4, 3, 4, 3, 3, 4, 3, 4, 3, 4],
    "总体严重程度 (1–9)": [4, 4, 3, 5, 3, 4, 4, 3, 4, 3, 5, 4, 4, 3, 4, 5, 3, 4, 3, 4]
}

97.data = {
    "专家编号": [1, 2, 3, 4, 5, 6, 7, 8, 9, 10, 11, 12, 13, 14, 15, 16, 17, 18, 19, 20],
    "感染面积比例 (%)": [18, 16, 20, 15, 22, 17, 19, 15, 21, 18, 16, 19, 20, 17, 18, 15, 22, 19, 17, 20],
    "病斑密度 (1–10)": [5, 4, 6, 4, 5, 5, 6, 4, 5, 6, 4, 5, 6, 5, 4, 5, 6, 5, 4, 5],
    "孢子产生量 (1–5)": [3, 3, 4, 2, 3, 3, 4, 2, 3, 4, 3, 3, 4, 3, 2, 3, 4, 3, 3, 4],
    "颜色鲜艳度 (1–5)": [4, 4, 5, 3, 4, 4, 5, 3, 4, 5, 4, 4, 5, 4, 3, 4, 5, 4, 4, 5],
    "总体严重程度 (1–9)": [4, 3, 5, 3, 4, 4, 5, 3, 4, 5, 3, 4, 5, 4, 3, 4, 5, 4, 3, 5]
}

98.data = {
    "专家编号": [1, 2, 3, 4, 5, 6, 7, 8, 9, 10, 11, 12, 13, 14, 15, 16, 17, 18, 19, 20],
    "感染面积比例 (%)": [12, 10, 15, 8, 11, 13, 9, 12, 14, 10, 13, 11, 14, 9, 12, 11, 15, 10, 13, 12],
    "病斑密度 (1–10)": [4, 3, 5, 3, 4, 5, 3, 4, 5, 3, 4, 4, 5, 3, 4, 4, 5, 3, 4, 4],
    "孢子产生量 (1–5)": [3, 2, 3, 2, 3, 3, 2, 3, 3, 2, 3, 2, 3, 2, 3, 3, 4, 2, 3, 3],
    "颜色鲜艳度 (1–5)": [4, 3, 4, 3, 4, 4, 3, 4, 4, 3, 4, 3, 4, 3, 4, 4, 5, 3, 4, 4],
    "总体严重程度 (1–9)": [3, 2, 4, 2, 3, 4, 2, 3, 4, 2, 3, 3, 4, 2, 3, 3, 4, 2, 3, 3]
}

99.data = {
    "专家编号": [1, 2, 3, 4, 5, 6, 7, 8, 9, 10, 11, 12, 13, 14, 15, 16, 17, 18, 19, 20],
    "感染面积比例 (%)": [5, 7, 6, 4, 8, 5, 3, 6, 7, 5, 4, 6, 7, 5, 3, 6, 8, 4, 5, 6],
    "病斑密度 (1–10)": [2, 3, 2, 2, 3, 2, 1, 2, 3, 2, 2, 3, 3, 2, 1, 2, 3, 2, 2, 2],
    "孢子产生量 (1–5)": [2, 2, 1, 2, 3, 2, 1, 2, 2, 2, 1, 2, 2, 2, 1, 2, 3, 1, 2, 2],
    "颜色鲜艳度 (1–5)": [3, 4, 3, 3, 4, 3, 2, 3, 4, 3, 2, 3, 4, 3, 2, 3, 4, 3, 3, 3],
    "总体严重程度 (1–9)": [2, 3, 2, 2, 3, 2, 1, 2, 3, 2, 2, 2, 3, 2, 1, 2, 3, 2, 2, 2]
}

100.data = {
    "专家编号": [1, 2, 3, 4, 5, 6, 7, 8, 9, 10, 11, 12, 13, 14, 15, 16, 17, 18, 19, 20],
    "感染面积比例 (%)": [25, 28, 23, 30, 26, 22, 27, 24, 29, 25, 31, 26, 24, 28, 25, 23, 29, 26, 27, 24],
    "病斑密度 (1–10)": [6, 7, 5, 7, 6, 5, 6, 5, 7, 6, 7, 6, 5, 7, 6, 5, 7, 6, 6, 5],
    "孢子产生量 (1–5)": [4, 4, 3, 4, 3, 3, 4, 3, 4, 3, 4, 3, 3, 4, 3, 3, 4, 3, 4, 3],
    "颜色鲜艳度 (1–5)": [4, 5, 4, 5, 4, 4, 5, 4, 5, 4, 5, 4, 4, 5, 4, 4, 5, 4, 5, 4],
    "总体严重程度 (1–9)": [5, 6, 4, 6, 5, 4, 5, 4, 6, 5, 6, 5, 4, 6, 5, 4, 6, 5, 5, 4]
}