1.data = {
    "专家编号": [1, 2, 3, 4, 5, 6, 7, 8, 9, 10, 11, 12, 13, 14, 15, 16, 17, 18, 19, 20],
    "感染面积比例 (%)": [42, 38, 45, 40, 35, 43, 37, 41, 39, 44, 36, 42, 40, 38, 43, 39, 41, 37, 40, 44],
    "病斑密度 (1–10)": [6, 5, 7, 6, 5, 6, 5, 7, 6, 7, 5, 6, 6, 5, 7, 6, 6, 5, 6, 7],
    "孢子产生量 (1–5)": [3, 3, 4, 3, 2, 3, 3, 4, 3, 4, 2, 3, 3, 3, 4, 3, 3, 2, 3, 4],
    "颜色鲜艳度 (1–5)": [4, 3, 4, 4, 3, 4, 3, 4, 3, 4, 3, 4, 4, 3, 4, 3, 4, 3, 4, 4],
    "总体严重程度 (1–9)": [6, 5, 7, 6, 5, 6, 5, 6, 6, 7, 5, 6, 6, 5, 7, 6, 6, 5, 6, 7]
}

2.data = {
"专家编号": [1,2,3,4,5,6,7,8,9,10,11,12,13,14,15,16,17,18,19,20],
"感染面积比例 (%)": [26.2,18.5,28.6,24.8,23.9,32.9,18.6,28.3,23.4,20,22.2,20.9,17.3,26.2,17.9,16.3,29.3,15.7,20.9,25.1],
"病斑密度 (1–10)": [4,6,7,6,6,3,7,6,5,5,4,4,7,7,3,6,5,7,5,5],
"孢子产生量 (1–5)": [2,2,3,4,3,2,4,2,3,4,4,3,4,4,3,4,3,4,3,2],
"颜色鲜艳度 (1–5)": [3,5,5,5,4,5,4,3,3,5,4,4,3,3,5,3,4,5,4,5],
"总体严重程度 (1–9)": [4,7,6,5,5,6,6,6,5,7,6,7,7,5,6,4,6,5,6,5]
}

3.data = {
"专家编号": [1,2,3,4,5,6,7,8,9,10,11,12,13,14,15,16,17,18,19,20],
"感染面积比例 (%)": [1.2,0.8,1.5,0.5,1.0,0.7,1.3,0.9,0.6,1.1,0.4,1.2,0.8,1.0,0.5,0.3,0.9,1.4,0.7,1.1],
"病斑密度 (1–10)": [1,1,2,1,1,1,2,1,1,2,1,2,1,1,1,1,1,2,1,1],
"孢子产生量 (1–5)": [1,1,1,1,1,1,2,1,1,1,1,1,1,1,1,1,1,2,1,1],
"颜色鲜艳度 (1–5)": [1,1,2,1,1,1,1,1,1,2,1,1,1,1,1,1,1,2,1,1],
"总体严重程度 (1–9)": [1,1,2,1,1,1,2,1,1,2,1,1,1,1,1,1,1,2,1,1]
}

4.data = { "专家编号": [1,2,3,4,5,6,7,8,9,10,11,12,13,14,15,16,17,18,19,20], "感染面积比例 (%)": [42.5,38.7,45.3,40.8,44.2,39.5,47.1,43.6,41.9,45.8,40.3,46.2,39.8,44.7,42.3,38.9,45.5,41.2,43.8,40.6], "病斑密度 (1–10)": [7,6,8,7,8,6,9,7,7,8,6,8,6,8,7,6,8,7,8,7], "孢子产生量 (1–5)": [4,3,4,3,4,3,5,4,3,4,3,4,3,4,4,3,4,3,4,3], "颜色鲜艳度 (1–5)": [4,3,5,4,4,3,5,4,4,5,3,4,3,4,4,3,5,4,4,3], "总体严重程度 (1–9)": [7,6,8,7,7,6,8,7,7,8,6,8,6,7,7,6,8,7,7,6] }

5.data = { "专家编号": [1,2,3,4,5,6,7,8,9,10,11,12,13,14,15,16,17,18,19,20], "感染面积比例 (%)": [42.5,38.7,45.3,40.8,44.2,39.5,47.1,43.6,41.9,45.8,40.3,46.2,39.8,44.7,42.3,38.9,45.5,41.2,43.8,40.6], "病斑密度 (1–10)": [7,6,8,7,8,6,9,7,7,8,6,8,6,8,7,6,8,7,8,7], "孢子产生量 (1–5)": [4,3,4,3,4,3,5,4,3,4,3,4,3,4,4,3,4,3,4,3], "颜色鲜艳度 (1–5)": [4,3,5,4,4,3,5,4,4,5,3,4,3,4,4,3,5,4,4,3], "总体严重程度 (1–9)": [7,6,8,7,7,6,8,7,7,8,6,8,6,7,7,6,8,7,7,6] }

6.data = { "专家编号": [1,2,3,4,5,6,7,8,9,10,11,12,13,14,15,16,17,18,19,20], "感染面积比例 (%)": [78.5,75.2,82.7,76.8,80.3,79.1,83.4,77.5,81.2,84.6,79.8,82.1,75.9,80.7,78.3,76.4,83.9,79.5,81.8,77.9], "病斑密度 (1–10)": [9,8,10,8,9,9,10,8,9,10,9,9,8,9,8,8,10,9,9,8], "孢子产生量 (1–5)": [5,4,5,4,5,4,5,4,5,5,4,5,4,5,4,4,5,4,5,4], "颜色鲜艳度 (1–5)": [5,4,5,4,5,4,5,4,4,5,4,5,4,5,4,4,5,4,5,4], "总体严重程度 (1–9)": [9,8,9,8,9,8,9,8,9,9,8,9,8,9,8,8,9,8,9,8] }

7.data = { "专家编号": [1,2,3,4,5,6,7,8,9,10,11,12,13,14,15,16,17,18,19,20], "感染面积比例 (%)": [60.3,55.8,63.7,58.4,62.1,57.9,64.5,59.6,61.2,63.9,58.7,62.5,56.4,61.8,59.2,57.3,64.8,60.7,62.9,58.1], "病斑密度 (1–10)": [8,7,9,7,8,7,9,8,8,9,7,8,7,8,7,7,9,8,8,7], "孢子产生量 (1–5)": [4,3,5,4,4,3,5,4,4,5,3,4,3,4,4,3,5,4,4,3], "颜色鲜艳度 (1–5)": [4,3,5,4,4,3,5,4,4,5,3,4,3,4,4,3,5,4,4,3], "总体严重程度 (1–9)": [8,7,8,7,8,7,9,8,8,9,7,8,7,8,7,7,9,8,8,7] }
8.data = {
    "专家编号": [1,2,3,4,5,6,7,8,9,10,11,12,13,14,15,16,17,18,19,20],
    "感染面积比例 (%)": [42, 38, 45, 40, 43, 37, 44, 39, 41, 36, 46, 40, 43, 38, 45, 42, 39, 44, 41, 37],
    "病斑密度 (1–10)": [7, 6, 8, 7, 7, 6, 8, 7, 6, 5, 8, 7, 7, 6, 8, 7, 6, 8, 7, 6],
    "孢子产生量 (1–5)": [4, 3, 4, 3, 4, 3, 4, 3, 3, 2, 4, 3, 4, 3, 4, 3, 3, 4, 3, 3],
    "颜色鲜艳度 (1–5)": [4, 3, 4, 3, 4, 3, 4, 3, 4, 3, 4, 3, 4, 3, 4, 3, 3, 4, 3, 3],
    "总体严重程度 (1–9)": [7, 6, 7, 6, 7, 6, 7, 6, 7, 5, 8, 6, 7, 6, 7, 6, 6, 7, 6, 6]
}

9.data = {
    "专家编号":  [1,2,3,4,5,6,7,8,9,10,11,12,13,14,15,16,17,18,19,20],
    "感染面积比例 (%)": [25, 22, 27, 24, 26, 21, 28, 23, 25, 20, 29, 24, 26, 22, 27, 25, 23, 28, 24, 21],
    "病斑密度 (1–10)": [5, 4, 6, 5, 5, 4, 6, 5, 4, 3, 6, 5, 5, 4, 6, 5, 4, 6, 5, 4],
    "孢子产生量 (1–5)": [3, 2, 3, 2, 3, 2, 3, 2, 2, 1, 3, 2, 3, 2, 3, 2, 2, 3, 2, 2],
    "颜色鲜艳度 (1–5)": [3, 2, 3, 2, 3, 2, 3, 2, 3, 2, 3, 2, 3, 2, 3, 2, 2, 3, 2, 2],
    "总体严重程度 (1–9)": [5, 4, 5, 4, 5, 4, 5, 4, 5, 3, 6, 4, 5, 4, 5, 4, 4, 5, 4, 4]
}

10.data = {
    "专家编号": [1,2,3,4,5,6,7,8,9,10,11,12,13,14,15,16,17,18,19,20]，
    "感染面积比例 (%)": [8, 6, 10, 7, 9, 5, 11, 8, 7, 4, 12, 7, 9, 6, 10, 8, 6, 11, 7, 5],
    "病斑密度 (1–10)": [2, 1, 3, 2, 2, 1, 3, 2, 1, 1, 3, 2, 2, 1, 3, 2, 1, 3, 2, 1],
    "孢子产生量 (1–5)": [1, 1, 2, 1, 1, 1, 2, 1, 1, 0, 2, 1, 1, 1, 2, 1, 1, 2, 1, 1],
    "颜色鲜艳度 (1–5)": [1, 1, 2, 1, 1, 1, 2, 1, 1, 0, 2, 1, 1, 1, 2, 1, 1, 2, 1, 1],
    "总体严重程度 (1–9)": [2, 1, 3, 2, 2, 1, 3, 2, 2, 1, 3, 2, 2, 1, 3, 2, 1, 3, 2, 1]
}
11.data = {
    "专家编号": [1,2,3,4,5,6,7,8,9,10,11,12,13,14,15,16,17,18,19,20],
    "感染面积比例 (%)": [35, 30, 42, 38, 33, 40, 37, 45, 32, 36, 39, 34, 41, 37, 35, 43, 38, 36, 40, 34],
    "病斑密度 (1–10)": [6, 5, 7, 6, 5, 7, 6, 8, 5, 6, 7, 5, 7, 6, 6, 7, 6, 5, 7, 5],
    "孢子产生量 (1–5)": [3, 3, 4, 3, 2, 4, 3, 4, 2, 3, 4, 3, 4, 3, 3, 4, 3, 3, 4, 2],
    "颜色鲜艳度 (1–5)": [4, 3, 4, 4, 3, 4, 3, 5, 3, 4, 4, 3, 4, 3, 4, 4, 3, 4, 4, 3],
    "总体严重程度 (1–9)": [5, 4, 6, 5, 4, 6, 5, 7, 4, 5, 6, 4, 6, 5, 5, 6, 5, 5, 6, 4]
}

12.data = {
    "专家编号": [1,2,3,4,5,6,7,8,9,10,11,12,13,14,15,16,17,18,19,20],
    "感染面积比例 (%)": [15, 18, 12, 20, 16, 14, 19, 13, 17, 15, 20, 16, 14, 18, 15, 17, 19, 13, 16, 14],
    "病斑密度 (1–10)": [4, 5, 3, 5, 4, 3, 5, 3, 4, 4, 5, 4, 3, 5, 4, 4, 5, 3, 4, 3],
    "孢子产生量 (1–5)": [3, 4, 2, 4, 3, 2, 4, 2, 3, 3, 4, 3, 2, 4, 3, 3, 4, 2, 3, 2],
    "颜色鲜艳度 (1–5)": [4, 5, 3, 5, 4, 3, 5, 3, 4, 4, 5, 4, 3, 5, 4, 4, 5, 3, 4, 3],
    "总体严重程度 (1–9)": [4, 5, 3, 5, 4, 3, 5, 3, 4, 4, 5, 4, 3, 5, 4, 4, 5, 3, 4, 3]
}

13.data = {
    "专家编号": [1,2,3,4,5,6,7,8,9,10,11,12,13,14,15,16,17,18,19,20],
    "感染面积比例 (%)": [8, 10, 7, 12, 9, 6, 11, 8, 10, 7, 9, 11, 8, 10, 7, 9, 12, 6, 9, 8],
    "病斑密度 (1–10)": [3, 4, 2, 4, 3, 2, 4, 3, 3, 2, 3, 4, 3, 3, 2, 3, 4, 2, 3, 3],
    "孢子产生量 (1–5)": [2, 3, 2, 3, 2, 1, 3, 2, 2, 1, 2, 3, 2, 2, 1, 2, 3, 1, 2, 2],
    "颜色鲜艳度 (1–5)": [3, 4, 3, 4, 3, 2, 4, 3, 3, 2, 3, 4, 3, 3, 2, 3, 4, 2, 3, 3],
    "总体严重程度 (1–9)": [3, 4, 2, 4, 3, 2, 4, 3, 3, 2, 3, 4, 3, 3, 2, 3, 4, 2, 3, 3]
}

14.data = {
    "专家编号": [1,2,3,4,5,6,7,8,9,10,11,12,13,14,15,16,17,18,19,20],
    "感染面积比例 (%)": [3, 5, 2, 4, 3, 1, 5, 2, 4, 3, 2, 4, 3, 5, 2, 4, 3, 1, 4, 2],
    "病斑密度 (1–10)": [2, 3, 1, 2, 2, 1, 3, 1, 2, 2, 1, 2, 2, 3, 1, 2, 2, 1, 2, 1],
    "孢子产生量 (1–5)": [1, 2, 1, 1, 1, 1, 2, 1, 1, 1, 1, 1, 1, 2, 1, 1, 1, 1, 1, 1],
    "颜色鲜艳度 (1–5)": [2, 3, 1, 2, 2, 1, 3, 1, 2, 2, 1, 2, 2, 3, 1, 2, 2, 1, 2, 1],
    "总体严重程度 (1–9)": [2, 3, 1, 2, 2, 1, 3, 1, 2, 2, 1, 2, 2, 3, 1, 2, 2, 1, 2, 1]
}

15.data = {
    "专家编号": [1,2,3,4,5,6,7,8,9,10,11,12,13,14,15,16,17,18,19,20],
    "感染面积比例 (%)": [5, 7, 4, 8, 6, 3, 7, 5, 6, 4, 5, 8, 4, 7, 5, 6, 8, 3, 6, 4],
    "病斑密度 (1–10)": [2, 3, 2, 3, 2, 1, 3, 2, 2, 2, 2, 3, 2, 3, 2, 2, 3, 1, 2, 2],
    "孢子产生量 (1–5)": [2, 2, 1, 3, 2, 1, 2, 2, 2, 1, 2, 3, 1, 2, 2, 2, 3, 1, 2, 1],
    "颜色鲜艳度 (1–5)": [3, 3, 2, 4, 3, 2, 3, 3, 3, 2, 3, 4, 2, 3, 3, 3, 4, 2, 3, 2],
    "总体严重程度 (1–9)": [2, 3, 2, 3, 2, 1, 3, 2, 2, 2, 2, 3, 2, 3, 2, 2, 3, 1, 2, 2]
}

16.data = {
    "专家编号": [1,2,3,4,5,6,7,8,9,10,11,12,13,14,15,16,17,18,19,20],
    "感染面积比例 (%)": [45, 50, 40, 55, 48, 42, 52, 45, 47, 43, 50, 46, 41, 53, 47, 49, 54, 44, 48, 46],
    "病斑密度 (1–10)": [7, 8, 6, 8, 7, 6, 8, 7, 7, 6, 8, 7, 6, 8, 7, 7, 8, 6, 7, 7],
    "孢子产生量 (1–5)": [4, 4, 3, 5, 4, 3, 4, 4, 4, 3, 4, 4, 3, 5, 4, 4, 5, 3, 4, 4],
    "颜色鲜艳度 (1–5)": [4, 5, 4, 5, 4, 4, 5, 4, 4, 4, 5, 4, 4, 5, 4, 5, 5, 4, 4, 4],
    "总体严重程度 (1–9)": [6, 7, 5, 7, 6, 5, 7, 6, 6, 5, 7, 6, 5, 7, 6, 6, 7, 5, 6, 6]
}

17.data = {
    "专家编号": [1,2,3,4,5,6,7,8,9,10,11,12,13,14,15,16,17,18,19,20],
    "感染面积比例 (%)": [60, 65, 55, 70, 62, 58, 67, 59, 63, 57, 64, 61, 56, 68, 62, 65, 69, 58, 63, 60],
    "病斑密度 (1–10)": [8, 9, 7, 9, 8, 7, 9, 8, 8, 7, 9, 8, 7, 9, 8, 9, 9, 7, 8, 8],
    "孢子产生量 (1–5)": [4, 5, 4, 5, 4, 4, 5, 4, 4, 4, 5, 4, 4, 5, 4, 5, 5, 4, 4, 4],
    "颜色鲜艳度 (1–5)": [5, 5, 4, 5, 5, 4, 5, 4, 5, 4, 5, 5, 4, 5, 5, 5, 5, 4, 5, 5],
    "总体严重程度 (1–9)": [7, 8, 6, 8, 7, 6, 8, 7, 7, 6, 8, 7, 6, 8, 7, 8, 8, 6, 7, 7]
}

18.data = {
    "专家编号": [1,2,3,4,5,6,7,8,9,10,11,12,13,14,15,16,17,18,19,20],
    "感染面积比例 (%)": [30, 35, 28, 38, 32, 27, 36, 29, 33, 26, 34, 31, 27, 37, 32, 34, 38, 29, 33, 30],
    "病斑密度 (1–10)": [6, 7, 5, 7, 6, 5, 7, 6, 6, 5, 7, 6, 5, 7, 6, 7, 7, 5, 6, 6],
    "孢子产生量 (1–5)": [3, 4, 3, 4, 3, 2, 4, 3, 3, 2, 4, 3, 2, 4, 3, 4, 4, 3, 3, 3],
    "颜色鲜艳度 (1–5)": [4, 4, 3, 4, 4, 3, 4, 3, 4, 3, 4, 4, 3, 4, 4, 4, 4, 3, 4, 4],
    "总体严重程度 (1–9)": [5, 6, 4, 6, 5, 4, 6, 5, 5, 4, 6, 5, 4, 6, 5, 6, 6, 4, 5, 5]
}

19.data = {
    "专家编号": [1,2,3,4,5,6,7,8,9,10,11,12,13,14,15,16,17,18,19,20],
    "感染面积比例 (%)": [12, 15, 10, 18, 13, 9, 16, 11, 14, 10, 15, 12, 9, 17, 13, 14, 16, 10, 13, 11],
    "病斑密度 (1–10)": [3, 4, 2, 4, 3, 2, 4, 3, 3, 2, 4, 3, 2, 4, 3, 3, 4, 2, 3, 3],
    "孢子产生量 (1–5)": [2, 2, 1, 3, 2, 1, 2, 2, 2, 1, 2, 2, 1, 3, 2, 2, 3, 1, 2, 2],
    "颜色鲜艳度 (1–5)": [2, 3, 2, 3, 2, 2, 3, 2, 3, 2, 3, 2, 2, 3, 2, 3, 3, 2, 2, 2],
    "总体严重程度 (1–9)": [3, 4, 2, 4, 3, 2, 4, 3, 3, 2, 4, 3, 2, 4, 3, 3, 4, 2, 3, 3]
}

20.data = {
    "专家编号": [1,2,3,4,5,6,7,8,9,10,11,12,13,14,15,16,17,18,19,20],
    "感染面积比例 (%)": [1, 2, 0, 3, 1, 0, 2, 1, 2, 0, 2, 1, 0, 3, 1, 2, 3, 0, 1, 1],
    "病斑密度 (1–10)": [1, 2, 0, 2, 1, 0, 1, 1, 1, 0, 1, 1, 0, 2, 1, 1, 2, 0, 1, 1],
    "孢子产生量 (1–5)": [0, 1, 0, 1, 0, 0, 1, 0, 1, 0, 1, 0, 0, 1, 0, 1, 1, 0, 0, 0],
    "颜色鲜艳度 (1–5)": [0, 1, 0, 1, 1, 0, 1, 0, 1, 0, 1, 1, 0, 1, 0, 1, 1, 0, 1, 0],
    "总体严重程度 (1–9)": [1, 1, 0, 2, 1, 0, 1, 1, 1, 0, 1, 1, 0, 2, 1, 1, 2, 0, 1, 1]
}

21.data = { 
  "专家编号": [1,2,3,4,5,6,7,8,9,10,11,12,13,14,15,16,17,18,19,20], 
  "感染面积比例 (%)": [14,14,20,17,22,15,14,18,21,15,16,21,17,15,17,17,21,14,20,15], 
  "病斑密度 (1–10)": [4,4,6,5,5,4,6,6,5,5,5,5,5,4,4,6,4,4,4,5], 
  "孢子产生量 (1–5)": [3,3,2,3,4,3,3,3,3,3,3,3,3,3,3,2,4,4,3,3], 
  "颜色鲜艳度 (1–5)": [4,3,2,4,4,3,4,3,3,3,3,3,3,3,3,3,3,3,3,3], 
  "总体严重程度 (1–9)": [4,4,4,5,5,4,5,5,4,4,3,4,3,4,4,4,4,4,4,4]
}

22.data = {
    "专家编号": [1,2,3,4,5,6,7,8,9,10,11,12,13,14,15,16,17,18,19,20],
    "感染面积比例 (%)": [38, 42, 35, 40, 36, 45, 39, 41, 37, 44, 40, 43, 38, 36, 42, 39, 45, 37, 41, 40],
    "病斑密度 (1–10)": [7, 8, 6, 7, 6, 8, 7, 8, 6, 7, 7, 8, 7, 6, 8, 7, 8, 6, 7, 7],
    "孢子产生量 (1–5)": [4, 5, 4, 4, 3, 5, 4, 4, 3, 4, 4, 5, 4, 3, 5, 4, 5, 3, 4, 4],
    "颜色鲜艳度 (1–5)": [4, 5, 4, 4, 3, 5, 4, 5, 4, 4, 4, 5, 4, 3, 5, 4, 5, 4, 4, 4],
    "总体严重程度 (1–9)": [7, 8, 6, 7, 6, 8, 7, 8, 6, 7, 7, 8, 7, 6, 8, 7, 8, 6, 7, 7]
}

23.data = {
    "专家编号": list(range(1, 21)),
    "感染面积比例 (%)": [25, 28, 22, 26, 24, 30, 27, 25, 23, 29, 26, 28, 24, 22, 30, 25, 29, 23, 27, 26],
    "病斑密度 (1–10)": [5, 6, 4, 5, 5, 6, 5, 6, 4, 5, 5, 6, 5, 4, 6, 5, 6, 4, 5, 5],
    "孢子产生量 (1–5)": [3, 4, 3, 3, 2, 4, 3, 4, 2, 3, 3, 4, 3, 2, 4, 3, 4, 2, 3, 3],
    "颜色鲜艳度 (1–5)": [3, 4, 3, 3, 2, 4, 3, 4, 3, 3, 3, 4, 3, 2, 4, 3, 4, 3, 3, 3],
    "总体严重程度 (1–9)": [5, 6, 4, 5, 4, 6, 5, 6, 4, 5, 5, 6, 5, 4, 6, 5, 6, 4, 5, 5]
}

24.data = {
    "专家编号": [1,2,3,4,5,6,7,8,9,10,11,12,13,14,15,16,17,18,19,20],
    "感染面积比例 (%)": [32, 35, 30, 33, 29, 37, 34, 36, 31, 35, 33, 36, 30, 29, 37, 32, 35, 31, 34, 33],
    "病斑密度 (1–10)": [6, 7, 5, 6, 5, 7, 6, 7, 5, 6, 6, 7, 6, 5, 7, 6, 7, 5, 6, 6],
    "孢子产生量 (1–5)": [4, 4, 3, 3, 3, 4, 4, 4, 3, 4, 3, 4, 3, 3, 4, 4, 4, 3, 4, 3],
    "颜色鲜艳度 (1–5)": [4, 5, 4, 4, 3, 5, 4, 5, 4, 4, 4, 5, 4, 3, 5, 4, 5, 4, 4, 4],
    "总体严重程度 (1–9)": [6, 7, 5, 6, 5, 7, 6, 7, 5, 6, 6, 7, 6, 5, 7, 6, 7, 5, 6, 6]
}
25.data = {
    "专家编号": [1, 2, 3, 4, 5, 6, 7, 8, 9, 10, 11, 12, 13, 14, 15, 16, 17, 18, 19, 20],
    "感染面积比例 (%)": [38, 42, 35, 40, 45, 37, 43, 39, 41, 36, 44, 40, 38, 42, 36, 39, 41, 37, 43, 40],
    "病斑密度 (1–10)": [7, 8, 6, 7, 8, 7, 8, 7, 7, 6, 8, 7, 7, 8, 6, 7, 7, 6, 8, 7],
    "孢子产生量 (1–5)": [4, 4, 3, 4, 5, 4, 4, 3, 4, 3, 5, 4, 4, 4, 3, 4, 4, 3, 5, 4],
    "颜色鲜艳度 (1–5)": [4, 5, 4, 4, 5, 4, 5, 4, 4, 3, 5, 4, 4, 5, 4, 4, 4, 3, 5, 4],
    "总体严重程度 (1–9)": [6, 7, 6, 6, 7, 6, 7, 6, 6, 5, 7, 6, 6, 7, 5, 6, 6, 5, 7, 6]
}

26.data = {
    "专家编号": [1, 2, 3, 4, 5, 6, 7, 8, 9, 10, 11, 12, 13, 14, 15, 16, 17, 18, 19, 20],
    "感染面积比例 (%)": [65, 70, 68, 72, 63, 67, 73, 69, 66, 71, 64, 69, 72, 67, 70, 65, 68, 71, 66, 69],
    "病斑密度 (1–10)": [8, 9, 8, 9, 7, 8, 9, 8, 8, 9, 7, 8, 9, 8, 9, 7, 8, 9, 8, 8],
    "孢子产生量 (1–5)": [4, 5, 4, 5, 4, 4, 5, 4, 4, 5, 4, 4, 5, 4, 5, 4, 4, 5, 4, 4],
    "颜色鲜艳度 (1–5)": [4, 5, 4, 5, 4, 4, 5, 4, 4, 5, 4, 4, 5, 4, 5, 4, 4, 5, 4, 4],
    "总体严重程度 (1–9)": [7, 8, 7, 8, 7, 7, 8, 7, 7, 8, 7, 7, 8, 7, 8, 7, 7, 8, 7, 7]
}

27.data = {
    "专家编号": [1, 2, 3, 4, 5, 6, 7, 8, 9, 10, 11, 12, 13, 14, 15, 16, 17, 18, 19, 20],
    "感染面积比例 (%)": [35, 32, 38, 30, 36, 40, 33, 37, 31, 39, 34, 36, 30, 38, 35, 33, 37, 40, 32, 35],
    "病斑密度 (1–10)": [7, 6, 8, 6, 7, 8, 7, 8, 6, 7, 6, 7, 6, 8, 7, 6, 7, 8, 6, 7],
    "孢子产生量 (1–5)": [4, 3, 4, 3, 4, 5, 3, 4, 3, 4, 3, 4, 3, 4, 4, 3, 4, 5, 3, 4],
    "颜色鲜艳度 (1–5)": [4, 3, 4, 3, 4, 4, 3, 4, 3, 4, 3, 4, 3, 4, 4, 3, 4, 4, 3, 4],
    "总体严重程度 (1–9)": [6, 5, 7, 5, 6, 7, 5, 6, 5, 7, 5, 6, 5, 7, 6, 5, 6, 7, 5, 6]
}

28.data = {
    "专家编号": [1, 2, 3, 4, 5, 6, 7, 8, 9, 10, 11, 12, 13, 14, 15, 16, 17, 18, 19, 20],
    "感染面积比例 (%)": [35, 38, 42, 33, 36, 40, 37, 34, 41, 39, 36, 43, 38, 35, 40, 37, 33, 42, 36, 39],
    "病斑密度 (1–10)": [5, 6, 7, 5, 6, 6, 5, 4, 7, 6, 5, 7, 6, 5, 6, 5, 4, 7, 5, 6],
    "孢子产生量 (1–5)": [3, 4, 4, 3, 3, 4, 3, 2, 4, 3, 3, 4, 3, 3, 4, 3, 2, 4, 3, 3],
    "颜色鲜艳度 (1–5)": [3, 4, 4, 3, 3, 4, 3, 2, 4, 3, 3, 4, 3, 3, 3, 3, 2, 4, 3, 3],
    "总体严重程度 (1–9)": [5, 6, 7, 5, 6, 6, 5, 4, 7, 6, 5, 7, 6, 5, 6, 5, 4, 7, 5, 6]
}

29.data = {
    "专家编号": [1, 2, 3, 4, 5, 6, 7, 8, 9, 10, 11, 12, 13, 14, 15, 16, 17, 18, 19, 20],
    "感染面积比例 (%)": [22, 18, 25, 20, 23, 19, 24, 21, 26, 20, 24, 19, 22, 25, 20, 23, 18, 26, 21, 24],
    "病斑密度 (1–10)": [4, 3, 5, 4, 4, 3, 5, 4, 5, 3, 4, 3, 4, 5, 3, 4, 3, 5, 4, 4],
    "孢子产生量 (1–5)": [3, 2, 3, 2, 3, 2, 3, 3, 4, 2, 3, 2, 3, 3, 2, 3, 2, 4, 3, 3],
    "颜色鲜艳度 (1–5)": [4, 3, 4, 3, 4, 3, 4, 3, 4, 3, 4, 3, 4, 4, 3, 4, 3, 4, 3, 4],
    "总体严重程度 (1–9)": [4, 3, 5, 4, 4, 3, 5, 4, 5, 3, 4, 3, 4, 5, 3, 4, 3, 5, 4, 4]
}

30.data = {
    "专家编号": list(range(1, 21)),
    "感染面积比例 (%)": [12, 15, 10, 14, 18, 11, 16, 13, 12, 17, 9, 14, 16, 13, 15, 10, 12, 14, 15, 11],
    "病斑密度 (1–10)": [4, 5, 3, 4, 6, 3, 5, 4, 4, 5, 3, 4, 5, 4, 5, 3, 4, 4, 5, 3],
    "孢子产生量 (1–5)": [2, 3, 2, 2, 3, 2, 3, 2, 2, 3, 1, 2, 3, 2, 3, 2, 2, 3, 3, 2],
    "颜色鲜艳度 (1–5)": [3, 4, 3, 3, 4, 3, 4, 3, 3, 4, 2, 3, 4, 3, 4, 2, 3, 3, 4, 3],
    "总体严重程度 (1–9)": [4, 5, 3, 4, 6, 3, 5, 4, 4, 5, 3, 4, 5, 4, 5, 3, 4, 4, 5, 3]
}

31.data = {
    "专家编号": [1, 2, 3, 4, 5, 6, 7, 8, 9, 10, 11, 12, 13, 14, 15, 16, 17, 18, 19, 20],
    "感染面积比例 (%)": [18, 22, 15, 20, 25, 17, 23, 19, 21, 16, 24, 20, 18, 22, 19, 21, 17, 23, 20, 19],
    "病斑密度 (1–10)": [4, 5, 3, 4, 6, 4, 5, 4, 5, 3, 6, 4, 4, 5, 4, 5, 3, 5, 4, 4],
    "孢子产生量 (1–5)": [2, 3, 2, 2, 3, 2, 3, 2, 3, 2, 3, 2, 2, 3, 2, 3, 2, 3, 2, 2],
    "颜色鲜艳度 (1–5)": [3, 4, 3, 3, 4, 3, 4, 3, 4, 3, 4, 3, 3, 4, 3, 4, 3, 4, 3, 3],
    "总体严重程度 (1–9)": [4, 5, 3, 4, 6, 4, 5, 4, 5, 3, 6, 4, 4, 5, 4, 5, 3, 5, 4, 4]
}

32.data = {
    "专家编号": [1, 2, 3, 4, 5, 6, 7, 8, 9, 10, 11, 12, 13, 14, 15, 16, 17, 18, 19, 20],
    "感染面积比例 (%)": [5, 7, 3, 6, 8, 4, 7, 5, 6, 4, 8, 5, 6, 7, 4, 6, 3, 7, 5, 6],
    "病斑密度 (1–10)": [2, 3, 1, 2, 3, 2, 3, 2, 2, 1, 3, 2, 2, 3, 1, 2, 1, 3, 2, 2],
    "孢子产生量 (1–5)": [1, 1, 1, 1, 2, 1, 1, 1, 1, 1, 2, 1, 1, 2, 1, 1, 1, 2, 1, 1],
    "颜色鲜艳度 (1–5)": [2, 2, 1, 2, 3, 2, 2, 2, 2, 1, 3, 2, 2, 3, 1, 2, 1, 3, 2, 2],
    "总体严重程度 (1–9)": [2, 3, 1, 2, 3, 2, 3, 2, 2, 1, 3, 2, 2, 3, 1, 2, 1, 3, 2, 2]
}

33.data = {
    "专家编号": [1, 2, 3, 4, 5, 6, 7, 8, 9, 10, 11, 12, 13, 14, 15, 16, 17, 18, 19, 20],
    "感染面积比例 (%)": [38, 45, 35, 42, 48, 40, 43, 37, 44, 39, 47, 41, 38, 46, 42, 44, 36, 45, 40, 43],
    "病斑密度 (1–10)": [7, 8, 6, 7, 8, 7, 8, 6, 7, 7, 8, 7, 7, 8, 7, 8, 6, 8, 7, 7],
    "孢子产生量 (1–5)": [4, 4, 3, 4, 5, 4, 4, 3, 4, 4, 5, 4, 3, 4, 4, 4, 3, 5, 4, 4],
    "颜色鲜艳度 (1–5)": [4, 5, 4, 4, 5, 4, 5, 4, 4, 4, 5, 4, 4, 5, 4, 5, 4, 5, 4, 4],
    "总体严重程度 (1–9)": [6, 7, 5, 6, 8, 6, 7, 5, 6, 6, 7, 6, 6, 7, 6, 7, 5, 7, 6, 6]
}

34.data = {
    "专家编号": [1, 2, 3, 4, 5, 6, 7, 8, 9, 10, 11, 12, 13, 14, 15, 16, 17, 18, 19, 20],
    "感染面积比例 (%)": [15, 18, 12, 16, 14, 17, 13, 19, 15, 16, 14, 18, 15, 17, 13, 16, 14, 15, 17, 16],
    "病斑密度 (1-10)": [4, 5, 3, 4, 5, 4, 3, 5, 4, 4, 3, 5, 4, 4, 3, 5, 4, 3, 4, 5],
    "孢子产生量 (1-5)": [3, 3, 2, 3, 2, 3, 2, 3, 3, 2, 3, 3, 2, 3, 2, 3, 2, 3, 3, 2],
    "颜色鲜艳度 (1-5)": [3, 4, 3, 3, 4, 3, 3, 4, 3, 3, 4, 3, 3, 4, 3, 3, 4, 3, 3, 4],
    "总体严重程度 (1-9)": [4, 5, 3, 4, 4, 5, 3, 5, 4, 4, 3, 5, 4, 4, 3, 4, 4, 3, 4, 5]
}
35.data = {
    "专家编号": [1, 2, 3, 4, 5, 6, 7, 8, 9, 10, 11, 12, 13, 14, 15, 16, 17, 18, 19, 20],
    "感染面积比例 (%)": [8, 10, 7, 9, 6, 11, 8, 7, 10, 9, 8, 12, 9, 7, 10, 8, 9, 7, 11, 8],
    "病斑密度 (1-10)": [3, 4, 2, 3, 2, 4, 3, 2, 3, 3, 3, 4, 3, 2, 3, 3, 3, 2, 4, 3],
    "孢子产生量 (1-5)": [2, 2, 1, 2, 1, 3, 2, 1, 2, 2, 2, 3, 2, 1, 2, 2, 2, 1, 3, 2],
    "颜色鲜艳度 (1-5)": [3, 3, 2, 3, 2, 3, 3, 2, 3, 3, 2, 4, 3, 2, 3, 3, 3, 2, 3, 3],
    "总体严重程度 (1-9)": [3, 4, 2, 3, 2, 4, 3, 2, 3, 3, 3, 4, 3, 2, 3, 3, 3, 2, 4, 3]
}

36.data = {
    "专家编号":  [1, 2, 3, 4, 5, 6, 7, 8, 9, 10, 11, 12, 13, 14, 15, 16, 17, 18, 19, 20],
    "感染面积比例 (%)": [5, 7, 4, 6, 5, 8, 4, 6, 5, 7, 6, 5, 4, 7, 5, 6, 5, 7, 4, 6],
    "病斑密度 (1-10)": [2, 3, 2, 2, 3, 3, 2, 2, 3, 3, 2, 2, 2, 3, 2, 3, 2, 3, 2, 2],
    "孢子产生量 (1-5)": [1, 2, 1, 1, 2, 2, 1, 1, 2, 2, 1, 1, 1, 2, 1, 2, 1, 2, 1, 1],
    "颜色鲜艳度 (1-5)": [2, 2, 1, 2, 2, 3, 1, 2, 2, 2, 2, 1, 1, 2, 2, 2, 2, 3, 1, 2],
    "总体严重程度 (1-9)": [2, 3, 2, 2, 2, 3, 2, 2, 2, 3, 2, 2, 2, 3, 2, 2, 2, 3, 2, 2]
}

37.data = {
    "专家编号":[1, 2, 3, 4, 5, 6, 7, 8, 9, 10, 11, 12, 13, 14, 15, 16, 17, 18, 19, 20]，
    "感染面积比例 (%)": [3, 4, 2, 3, 5, 2, 4, 3, 2, 4, 3, 5, 2, 4, 3, 2, 4, 3, 5, 3],
    "病斑密度 (1-10)": [2, 2, 1, 2, 2, 1, 2, 2, 1, 2, 2, 2, 1, 2, 2, 1, 2, 2, 2, 2],
    "孢子产生量 (1-5)": [1, 1, 1, 1, 2, 1, 1, 1, 1, 1, 1, 2, 1, 1, 1, 1, 1, 1, 2, 1],
    "颜色鲜艳度 (1-5)": [1, 2, 1, 1, 2, 1, 2, 1, 1, 2, 1, 2, 1, 2, 1, 1, 2, 1, 2, 1],
    "总体严重程度 (1-9)": [2, 2, 1, 2, 2, 1, 2, 2, 1, 2, 2, 2, 1, 2, 2, 1, 2, 2, 2, 2]
}

38.data = {
    "专家编号": [1, 2, 3, 4, 5, 6, 7, 8, 9, 10, 11, 12, 13, 14, 15, 16, 17, 18, 19, 20]，
    "感染面积比例 (%)": [2, 3, 1, 2, 4, 2, 3, 1, 2, 3, 2, 4, 1, 3, 2, 1, 3, 2, 4, 2],
    "病斑密度 (1-10)": [1, 2, 1, 1, 2, 1, 2, 1, 1, 2, 1, 2, 1, 2, 1, 1, 2, 1, 2, 1],
    "孢子产生量 (1-5)": [1, 1, 0, 1, 1, 1, 1, 0, 1, 1, 1, 1, 0, 1, 1, 0, 1, 1, 1, 1],
    "颜色鲜艳度 (1-5)": [1, 1, 1, 1, 2, 1, 1, 1, 1, 1, 1, 2, 1, 1, 1, 1, 1, 1, 2, 1],
    "总体严重程度 (1-9)": [1, 2, 1, 1, 2, 1, 2, 1, 1, 2, 1, 2, 1, 2, 1, 1, 2, 1, 2, 1]
}

39.data = {
    "专家编号": [1, 2, 3, 4, 5, 6, 7, 8, 9, 10, 11, 12, 13, 14, 15, 16, 17, 18, 19, 20]，
    "感染面积比例 (%)": [12, 15, 10, 13, 16, 11, 14, 13, 12, 15, 14, 11, 16, 12, 13, 15, 10, 14, 12, 13],
    "病斑密度 (1-10)": [4, 5, 3, 4, 5, 3, 4, 4, 4, 5, 4, 3, 5, 4, 4, 5, 3, 4, 4, 4],
    "孢子产生量 (1-5)": [3, 3, 2, 3, 4, 2, 3, 3, 3, 3, 3, 2, 4, 3, 3, 3, 2, 3, 3, 3],
    "颜色鲜艳度 (1-5)": [4, 4, 3, 4, 4, 3, 4, 4, 4, 4, 4, 3, 4, 4, 4, 4, 3, 4, 4, 4],
    "总体严重程度 (1-9)": [4, 5, 3, 4, 5, 3, 4, 4, 4, 5, 4, 3, 5, 4, 4, 5, 3, 4, 4, 4]
}

40.data = {
    "专家编号": [1, 2, 3, 4, 5, 6, 7, 8, 9, 10, 11, 12, 13, 14, 15, 16, 17, 18, 19, 20],
    "感染面积比例 (%)": [18, 22, 15, 20, 17, 21, 16, 19, 23, 18, 20, 15, 22, 19, 21, 17, 20, 18, 16, 24],
    "病斑密度 (1–10)": [4, 5, 3, 4, 3, 5, 4, 4, 6, 4, 5, 3, 5, 4, 5, 3, 4, 4, 3, 6],
    "孢子产生量 (1–5)": [3, 4, 2, 3, 2, 3, 3, 3, 4, 3, 3, 2, 4, 3, 3, 2, 3, 3, 2, 4],
    "颜色鲜艳度 (1–5)": [3, 4, 3, 3, 3, 4, 3, 3, 4, 3, 4, 3, 4, 3, 4, 3, 3, 3, 3, 4],
    "总体严重程度 (1–9)": [4, 5, 3, 4, 3, 5, 4, 4, 6, 4, 5, 3, 5, 4, 5, 3, 4, 4, 3, 5]
}

41.data = {
    "专家编号": [1, 2, 3, 4, 5, 6, 7, 8, 9, 10, 11, 12, 13, 14, 15, 16, 17, 18, 19, 20],
    "感染面积比例 (%)": [35, 42, 38, 45, 32, 37, 40, 43, 36, 41, 33, 39, 44, 37, 35, 42, 40, 38, 36, 43],
    "病斑密度 (1–10)": [6, 7, 6, 8, 5, 6, 7, 7, 6, 7, 5, 6, 8, 6, 5, 7, 7, 6, 6, 7],
    "孢子产生量 (1–5)": [3, 4, 3, 4, 3, 3, 4, 4, 3, 4, 3, 3, 4, 3, 3, 4, 3, 3, 3, 4],
    "颜色鲜艳度 (1–5)": [4, 4, 3, 4, 3, 4, 4, 4, 3, 4, 3, 4, 4, 3, 3, 4, 4, 3, 3, 4],
    "总体严重程度 (1–9)": [6, 7, 6, 7, 5, 6, 7, 7, 6, 7, 5, 6, 7, 6, 5, 7, 6, 6, 6, 7]
}

42.data = {
    "专家编号": [1, 2, 3, 4, 5, 6, 7, 8, 9, 10, 11, 12, 13, 14, 15, 16, 17, 18, 19, 20],
    "感染面积比例 (%)": [25, 30, 28, 32, 22, 27, 29, 26, 31, 24, 28, 33, 29, 26, 25, 30, 27, 29, 24, 31],
    "病斑密度 (1–10)": [5, 6, 5, 6, 4, 5, 6, 5, 6, 4, 5, 6, 5, 5, 4, 6, 5, 5, 4, 6],
    "孢子产生量 (1–5)": [3, 3, 2, 3, 2, 3, 3, 2, 3, 2, 3, 4, 3, 2, 2, 3, 3, 3, 2, 3],
    "颜色鲜艳度 (1–5)": [3, 4, 3, 4, 3, 3, 4, 3, 4, 3, 3, 4, 3, 3, 3, 4, 3, 3, 3, 4],
    "总体严重程度 (1–9)": [5, 6, 5, 6, 4, 5, 5, 5, 6, 4, 5, 6, 5, 5, 4, 6, 5, 5, 4, 6]
}

43.data = {
    "专家编号": [1, 2, 3, 4, 5, 6, 7, 8, 9, 10, 11, 12, 13, 14, 15, 16, 17, 18, 19, 20],
    "感染面积比例 (%)": [45, 50, 48, 52, 47, 51, 46, 49, 53, 48, 50, 46, 52, 49, 47, 51, 48, 53, 45, 50],
    "病斑密度 (1–10)": [7, 8, 7, 8, 7, 8, 7, 7, 8, 7, 8, 7, 8, 7, 7, 8, 7, 8, 7, 8],
    "孢子产生量 (1–5)": [4, 4, 3, 4, 3, 4, 3, 4, 4, 3, 4, 3, 4, 3, 3, 4, 3, 4, 3, 4],
    "颜色鲜艳度 (1–5)": [4, 4, 3, 4, 4, 4, 3, 4, 4, 3, 4, 3, 4, 3, 4, 4, 3, 4, 3, 4],
    "总体严重程度 (1–9)": [7, 7, 6, 7, 6, 7, 6, 7, 8, 6, 7, 6, 7, 6, 6, 7, 6, 8, 6, 7]
}

44.data = {
    "专家编号":  [1, 2, 3, 4, 5, 6, 7, 8, 9, 10, 11, 12, 13, 14, 15, 16, 17, 18, 19, 20],
    "感染面积比例 (%)": [3.7, 4.2, 2.9, 3.5, 3.8, 4.1, 3.2, 4.0, 3.3, 3.6, 4.4, 3.9, 3.0, 3.4, 4.3, 3.1, 3.7, 3.8, 4.1, 3.5],
    "病斑密度 (1–10)": [2, 3, 2, 2, 3, 3, 2, 3, 2, 2, 3, 3, 2, 2, 3, 2, 3, 2, 3, 2],
    "孢子产生量 (1–5)": [1, 2, 1, 1, 2, 2, 1, 2, 1, 1, 2, 2, 1, 1, 2, 1, 2, 1, 2, 1],
    "颜色鲜艳度 (1–5)": [2, 3, 2, 2, 3, 3, 2, 3, 2, 2, 3, 3, 2, 2, 3, 2, 3, 2, 3, 2],
    "总体严重程度 (1–9)": [2, 3, 2, 2, 3, 3, 2, 3, 2, 2, 3, 3, 2, 2, 3, 2, 3, 2, 3, 2]
}

45.data = {
"专家编号": [1, 2, 3, 4, 5, 6, 7, 8, 9, 10, 11, 12, 13, 14, 15, 16, 17, 18, 19, 20],
"感染面积比例 (%)": [15.3, 16.8, 14.2, 17.5, 15.9, 16.2, 14.8, 17.0, 15.5, 16.3, 14.7, 16.5, 15.8, 17.2, 14.5, 16.7, 15.4, 17.3, 16.0, 15.6],
"病斑密度 (1–10)": [4, 5, 4, 5, 4, 5, 4, 5, 4, 5, 4, 5, 4, 5, 4, 5, 4, 5, 4, 5],
"孢子产生量 (1–5)": [2, 3, 2, 3, 2, 3, 2, 3, 2, 3, 2, 3, 2, 3, 2, 3, 2, 3, 2, 3],
"颜色鲜艳度 (1–5)": [3, 4, 3, 4, 3, 4, 3, 4, 3, 4, 3, 4, 3, 4, 3, 4, 3, 4, 3, 4],
"总体严重程度 (1–9)": [4, 5, 4, 5, 4, 5, 4, 5, 4, 5, 4, 5, 4, 5, 4, 5, 4, 5, 4, 5]
}
46.data = {
"专家编号": [1, 2, 3, 4, 5, 6, 7, 8, 9, 10, 11, 12, 13, 14, 15, 16, 17, 18, 19, 20],
"感染面积比例 (%)": [7.2, 8.5, 6.8, 7.9, 8.2, 7.4, 6.5, 8.8, 7.6, 6.9, 8.3, 7.5, 6.7, 8.0, 7.8, 6.6, 8.4, 7.3, 8.1, 7.7],
"病斑密度 (1–10)": [3, 4, 3, 3, 4, 3, 2, 4, 3, 3, 4, 3, 3, 4, 3, 2, 4, 3, 4, 3],
"孢子产生量 (1–5)": [2, 2, 1, 2, 2, 2, 1, 3, 2, 2, 2, 2, 1, 2, 2, 1, 2, 2, 2, 2],
"颜色鲜艳度 (1–5)": [2, 3, 2, 2, 3, 2, 2, 3, 2, 2, 3, 2, 2, 3, 2, 2, 3, 2, 3, 2],
"总体严重程度 (1–9)": [3, 4, 3, 3, 4, 3, 2, 4, 3, 3, 4, 3, 3, 4, 3, 2, 4, 3, 4, 3]
}

47.data = {
"专家编号": [1, 2, 3, 4, 5, 6, 7, 8, 9, 10, 11, 12, 13, 14, 15, 16, 17, 18, 19, 20],
"感染面积比例 (%)": [10.5, 12.3, 9.8, 11.7, 10.2, 12.8, 11.3, 9.5, 12.5, 10.8, 11.9, 10.3, 12.2, 11.5, 9.7, 12.6, 10.7, 11.8, 10.4, 12.0],
"病斑密度 (1–10)": [4, 5, 3, 4, 4, 5, 4, 3, 5, 4, 4, 4, 5, 4, 3, 5, 4, 4, 4, 5],
"孢子产生量 (1–5)": [2, 3, 2, 3, 2, 3, 2, 2, 3, 2, 3, 2, 3, 2, 2, 3, 2, 3, 2, 3],
"颜色鲜艳度 (1–5)": [3, 3, 2, 3, 3, 4, 3, 2, 3, 3, 3, 3, 3, 3, 2, 4, 3, 3, 3, 3],
"总体严重程度 (1–9)": [4, 5, 3, 4, 4, 5, 4, 3, 5, 4, 5, 4, 5, 4, 3, 5, 4, 5, 4, 5]
}

48.data = {
"专家编号": [1, 2, 3, 4, 5, 6, 7, 8, 9, 10, 11, 12, 13, 14, 15, 16, 17, 18, 19, 20],
"感染面积比例 (%)": [5.8, 6.5, 4.9, 6.2, 5.5, 7.0, 6.3, 5.1, 6.7, 5.4, 6.8, 5.7, 6.4, 5.2, 6.9, 5.6, 6.6, 5.3, 6.1, 5.9],
"病斑密度 (1–10)": [3, 3, 2, 3, 3, 4, 3, 2, 3, 3, 3, 3, 3, 2, 4, 3, 3, 2, 3, 3],
"孢子产生量 (1–5)": [2, 2, 1, 2, 2, 2, 2, 1, 2, 2, 2, 2, 2, 1, 2, 2, 2, 1, 2, 2],
"颜色鲜艳度 (1–5)": [2, 3, 2, 2, 2, 3, 2, 2, 3, 2, 3, 2, 3, 2, 3, 2, 3, 2, 2, 2],
"总体严重程度 (1–9)": [3, 3, 2, 3, 3, 4, 3, 2, 3, 3, 4, 3, 3, 2, 4, 3, 3, 2, 3, 3]
}

49.data = {
"专家编号": [1, 2, 3, 4, 5, 6, 7, 8, 9, 10, 11, 12, 13, 14, 15, 16, 17, 18, 19, 20],
"感染面积比例 (%)": [32.5, 35.8, 30.2, 34.7, 31.9, 36.3, 33.8, 29.7, 35.2, 32.1, 36.9, 33.4, 30.8, 35.5, 32.3, 36.5, 33.0, 31.2, 34.9, 32.7],
"病斑密度 (1–10)": [7, 8, 6, 7, 7, 8, 7, 6, 8, 7, 8, 7, 6, 8, 7, 8, 7, 6, 7, 7],
"孢子产生量 (1–5)": [4, 4, 3, 4, 3, 4, 4, 3, 4, 3, 5, 4, 3, 4, 3, 4, 4, 3, 4, 3],
"颜色鲜艳度 (1–5)": [4, 5, 4, 4, 4, 5, 4, 3, 5, 4, 5, 4, 4, 5, 4, 5, 4, 4, 4, 4],
"总体严重程度 (1–9)": [6, 7, 6, 7, 6, 7, 6, 5, 7, 6, 8, 6, 6, 7, 6, 7, 6, 6, 7, 6]
}


50.data = {
    "专家编号":  [1, 2, 3, 4, 5, 6, 7, 8, 9, 10, 11, 12, 13, 14, 15, 16, 17, 18, 19, 20],
    "感染面积比例 (%)": [15, 20, 18, 12, 22, 16, 14, 18, 20, 17, 19, 21, 13, 15, 17, 16, 14, 18, 20, 19],
    "病斑密度 (1–10)": [4, 5, 4, 3, 5, 4, 3, 4, 5, 4, 5, 5, 3, 4, 4, 4, 3, 4, 5, 4],
    "孢子产生量 (1–5)": [2, 3, 2, 2, 3, 2, 2, 2, 3, 2, 3, 3, 2, 2, 2, 2, 2, 2, 3, 2],
    "颜色鲜艳度 (1–5)": [2, 3, 2, 2, 3, 2, 2, 2, 3, 2, 3, 3, 2, 2, 2, 2, 2, 2, 3, 2],
    "总体严重程度 (1–9)": [3, 4, 3, 3, 4, 3, 3, 3, 4, 3, 4, 4, 3, 3, 3, 3, 3, 3, 4, 3]
} 

51.data= {
"专家编号": [1, 2, 3, 4, 5, 6, 7, 8, 9, 10, 11, 12, 13, 14, 15, 16, 17, 18, 19, 20],
"感染面积比例 (%)": [10, 12, 8, 10, 14, 9, 11, 10, 13, 12, 11, 13, 9, 10, 12, 11, 10, 12, 13, 12],
"病斑密度 (1–10)": [3, 4, 3, 3, 4, 3, 3, 3, 4, 3, 4, 4, 3, 3, 4, 3, 3, 4, 4, 3],
"孢子产生量 (1–5)": [2, 2, 2, 2, 2, 2, 2, 2, 2, 2, 2, 2, 2, 2, 2, 2, 2, 2, 2, 2],
"颜色鲜艳度 (1–5)": [2, 2, 2, 2, 2, 2, 2, 2, 2, 2, 2, 2, 2, 2, 2, 2, 2, 2, 2, 2],
"总体严重程度 (1–9)": [2, 3, 2, 2, 3, 2, 2, 2, 3, 2, 3, 3, 2, 2, 3, 2, 2, 3, 3, 2]
}

52.data = {
"专家编号": [1, 2, 3, 4, 5, 6, 7, 8, 9, 10, 11, 12, 13, 14, 15, 16, 17, 18, 19, 20],
"感染面积比例 (%)": [5, 6, 4, 5, 7, 5, 6, 5, 7, 6, 6, 7, 5, 5, 6, 6, 5, 6, 7, 6],
"病斑密度 (1–10)": [2, 2, 2, 2, 3, 2, 2, 2, 3, 2, 3, 3, 2, 2, 3, 2, 2, 3, 3, 2],
"孢子产生量 (1–5)": [1, 1, 1, 1, 1, 1, 1, 1, 1, 1, 1, 1, 1, 1, 1, 1, 1, 1, 1, 1],
"颜色鲜艳度 (1–5)": [1, 1, 1, 1, 1, 1, 1, 1, 1, 1, 1, 1, 1, 1, 1, 1, 1, 1, 1, 1],
"总体严重程度 (1–9)": [1, 1, 1, 1, 2, 1, 1, 1, 2, 1, 2, 2, 1, 1, 2, 1, 1, 2, 2, 1]
}

53.data = {
"专家编号": [1, 2, 3, 4, 5, 6, 7, 8, 9, 10, 11, 12, 13, 14, 15, 16, 17, 18, 19, 20],
"感染面积比例 (%)": [7, 8, 6, 7, 9, 7, 8, 7, 9, 8, 8, 9, 7, 7, 8, 8, 7, 8, 9, 8],
"病斑密度 (1–10)": [2, 3, 2, 2, 3, 2, 2, 2, 3, 2, 3, 3, 2, 2, 3, 2, 2, 3, 3, 2],
"孢子产生量 (1–5)": [1, 1, 1, 1, 1, 1, 1, 1, 1, 1, 1, 1, 1, 1, 1, 1, 1, 1, 1, 1],
"颜色鲜艳度 (1–5)": [1, 1, 1, 1, 1, 1, 1, 1, 1, 1, 1, 1, 1, 1, 1, 1, 1, 1, 1, 1],
"总体严重程度 (1–9)": [1, 2, 1, 1, 2, 1, 1, 1, 2, 1, 2, 2, 1, 1, 2, 1, 1, 2, 2, 1]
}

54.data = {
"专家编号": [1, 2, 3, 4, 5, 6, 7, 8, 9, 10, 11, 12, 13, 14, 15, 16, 17, 18, 19, 20],
"感染面积比例 (%)": [12, 14, 10, 12, 16, 11, 13, 12, 15, 14, 13, 15, 11, 12, 14, 13, 12, 14, 15, 14],
"病斑密度 (1–10)": [3, 4, 3, 3, 4, 3, 3, 3, 4, 3, 4, 4, 3, 3, 4, 3, 3, 4, 4, 3],
"孢子产生量 (1–5)": [2, 2, 2, 2, 2, 2, 2, 2, 2, 2, 2, 2, 2, 2, 2, 2, 2, 2, 2, 2],
"颜色鲜艳度 (1–5)": [2, 2, 2, 2, 2, 2, 2, 2, 2, 2, 2, 2, 2, 2, 2, 2, 2, 2, 2, 2],
"总体严重程度 (1–9)": [2, 3, 2, 2, 3, 2, 2, 2, 3, 2, 3, 3, 2, 2, 3, 2, 2, 3, 3, 2]
}

55.data = {
"专家编号": [1, 2, 3, 4, 5, 6, 7, 8, 9, 10, 11, 12, 13, 14, 15, 16, 17, 18, 19, 20],
"感染面积比例 (%)": [15, 18, 13, 15, 20, 14, 16, 15, 18, 16, 17, 19, 14, 15, 17, 16, 15, 17, 19, 16],
"病斑密度 (1–10)": [4, 5, 4, 4, 5, 4, 4, 4, 5, 4, 5, 5, 4, 4, 5, 4, 4, 5, 5, 4],
"孢子产生量 (1–5)": [2, 2, 2, 2, 3, 2, 2, 2, 3, 2, 3, 3, 2, 2, 3, 2, 2, 3, 3, 2],
"颜色鲜艳度 (1–5)": [2, 2, 2, 2, 3, 2, 2, 2, 3, 2, 3, 3, 2, 2, 3, 2, 2, 3, 3, 2],
"总体严重程度 (1–9)": [3, 4, 3, 3, 4, 3, 3, 3, 4, 3, 4, 4, 3, 3, 4, 3, 3, 4, 4, 3]
}

56.data_= {
"专家编号": [1, 2, 3, 4, 5, 6, 7, 8, 9, 10, 11, 12, 13, 14, 15, 16, 17, 18, 19, 20],
"感染面积比例 (%)": [18, 20, 15, 18, 22, 16, 18, 18, 20, 18, 19, 21, 16, 18, 20, 18, 18, 20, 21, 18],
"病斑密度 (1–10)": [4, 5, 4, 4, 5, 4, 4, 4, 5, 4, 5, 5, 4, 4, 5, 4, 4, 5, 5, 4],
"孢子产生量 (1–5)": [2, 2, 2, 2, 3, 2, 2, 2, 3, 2, 3, 3, 2, 2, 3, 2, 2, 3, 3, 2],
"颜色鲜艳度 (1–5)": [2, 2, 2, 2, 3, 2, 2, 2, 3, 2, 3, 3, 2, 2, 3, 2, 2, 3, 3, 2],
"总体严重程度 (1–9)": [3, 4, 3, 3, 4, 3, 3, 3, 4, 3, 4, 4, 3, 3, 4, 3, 3, 4, 4, 3]
}

57.data = {
"专家编号": [1, 2, 3, 4, 5, 6, 7, 8, 9, 10, 11, 12, 13, 14, 15, 16, 17, 18, 19, 20],
"感染面积比例 (%)": [16, 18, 14, 16, 20, 15, 17, 16, 19, 17, 18, 20, 15, 16, 18, 17, 16, 18, 20, 17],
"病斑密度 (1–10)": [4, 5, 4, 4, 5, 4, 4, 4, 5, 4, 5, 5, 4, 4, 5, 4, 4, 5, 5, 4],
"孢子产生量 (1–5)": [2, 2, 2, 2, 3, 2, 2, 2, 3, 2, 3, 3, 2, 2, 3, 2, 2, 3, 3, 2],
"颜色鲜艳度 (1–5)": [2, 2, 2, 2, 3, 2, 2, 2, 3, 2, 3, 3, 2, 2, 3, 2, 2, 3, 3, 2],
"总体严重程度 (1–9)": [3, 4, 3, 3, 4, 3, 3, 3, 4, 3, 4, 4, 3, 3, 4, 3, 3, 4, 4, 3]
}

58.data= {
"专家编号": [1, 2, 3, 4, 5, 6, 7, 8, 9, 10, 11, 12, 13, 14, 15, 16, 17, 18, 19, 20],
"感染面积比例 (%)": [12, 15, 10, 13, 16, 11, 14, 13, 15, 14, 13, 15, 11, 12, 14, 13, 12, 14, 15, 14],
"病斑密度 (1–10)": [3, 4, 3, 3, 4, 3, 3, 3, 4, 3, 4, 4, 3, 3, 4, 3, 3, 4, 4, 3],
"孢子产生量 (1–5)": [2, 2, 2, 2, 2, 2, 2, 2, 2, 2, 2, 2, 2, 2, 2, 2, 2, 2, 2, 2],
"颜色鲜艳度 (1–5)": [2, 2, 2, 2, 2, 2, 2, 2, 2, 2, 2, 2, 2, 2, 2, 2, 2, 2, 2, 2],
"总体严重程度 (1–9)": [2, 3, 2, 2, 3, 2, 2, 2, 3, 2, 3, 3, 2, 2, 3, 2, 2, 3, 3, 2]
}

59.data= {
"专家编号": [1, 2, 3, 4, 5, 6, 7, 8, 9, 10, 11, 12, 13, 14, 15, 16, 17, 18, 19, 20],
"感染面积比例 (%)": [8, 10, 6, 9, 12, 7, 10, 9, 11, 10, 9, 11, 7, 8, 10, 9, 8, 10, 11, 10],
"病斑密度 (1–10)": [3, 3, 2, 3, 4, 2, 3, 3, 4, 3, 3, 4, 2, 3, 3, 3, 2, 3, 4, 3],
"孢子产生量 (1–5)": [2, 2, 1, 2, 2, 1, 2, 2, 2, 2, 2, 2, 1, 2, 2, 2, 1, 2, 2, 2],
"颜色鲜艳度 (1–5)": [2, 2, 1, 2, 2, 1, 2, 2, 2, 2, 2, 2, 1, 2, 2, 2, 1, 2, 2, 2],
"总体严重程度 (1–9)": [2, 2, 1, 2, 3, 1, 2, 2, 3, 2, 2, 3, 1, 2, 2, 2, 1, 2, 3, 2]
}

60.data= {
"专家编号": [1, 2, 3, 4, 5, 6, 7, 8, 9, 10, 11, 12, 13, 14, 15, 16, 17, 18, 19, 20],
"感染面积比例 (%)": [10, 13, 8, 11, 14, 9, 12, 11, 13, 12, 11, 13, 9, 10, 12, 11, 10, 12, 13, 12],
"病斑密度 (1–10)": [3, 4, 3, 3, 4, 3, 3, 3, 4, 3, 4, 4, 3, 3, 4, 3, 3, 4, 4, 3],
"孢子产生量 (1–5)": [2, 2, 2, 2, 2, 2, 2, 2, 2, 2, 2, 2, 2, 2, 2, 2, 2, 2, 2, 2],
"颜色鲜艳度 (1–5)": [2, 2, 2, 2, 2, 2, 2, 2, 2, 2, 2, 2, 2, 2, 2, 2, 2, 2, 2, 2],
"总体严重程度 (1–9)": [2, 3, 2, 2, 3, 2, 2, 2, 3, 2, 3, 3, 2, 2, 3, 2, 2, 3, 3, 2]
}

61.data = {
"专家编号": [1, 2, 3, 4, 5, 6, 7, 8, 9, 10, 11, 12, 13, 14, 15, 16, 17, 18, 19, 20],
"感染面积比例 (%)": [6, 8, 5, 7, 10, 6, 8, 7, 9, 8, 7, 9, 6, 6, 8, 7, 6, 8, 9, 8],
"病斑密度 (1–10)": [2, 3, 2, 2, 3, 2, 2, 2, 3, 2, 3, 3, 2, 2, 3, 2, 2, 3, 3, 2],
"孢子产生量 (1–5)": [1, 1, 1, 1, 1, 1, 1, 1, 1, 1, 1, 1, 1, 1, 1, 1, 1, 1, 1, 1],
"颜色鲜艳度 (1–5)": [1, 1, 1, 1, 1, 1, 1, 1, 1, 1, 1, 1, 1, 1, 1, 1, 1, 1, 1, 1],
"总体严重程度 (1–9)": [1, 2, 1, 1, 2, 1, 1, 1, 2, 1, 2, 2, 1, 1, 2, 1, 1, 2, 2, 1]
}

62.data = {
"专家编号": [1, 2, 3, 4, 5, 6, 7, 8, 9, 10, 11, 12, 13, 14, 15, 16, 17, 18, 19, 20],
"感染面积比例 (%)": [7, 9, 6, 8, 11, 7, 9, 8, 10, 9, 8, 10, 7, 7, 9, 8, 7, 9, 10, 9],
"病斑密度 (1–10)": [2, 3, 2, 2, 3, 2, 2, 2, 3, 2, 3, 3, 2, 2, 3, 2, 2, 3, 3, 2],
"孢子产生量 (1–5)": [1, 1, 1, 1, 1, 1, 1, 1, 1, 1, 1, 1, 1, 1, 1, 1, 1, 1, 1, 1],
"颜色鲜艳度 (1–5)": [1, 1, 1, 1, 1, 1, 1, 1, 1, 1, 1, 1, 1, 1, 1, 1, 1, 1, 1, 1],
"总体严重程度 (1–9)": [1, 2, 1, 1, 2, 1, 1, 1, 2, 1, 2, 2, 1, 1, 2, 1, 1, 2, 2, 1]
}

63.data = {
"专家编号": [1, 2, 3, 4, 5, 6, 7, 8, 9, 10, 11, 12, 13, 14, 15, 16, 17, 18, 19, 20],
"感染面积比例 (%)": [11, 14, 9, 12, 15, 10, 13, 12, 14, 13, 12, 14, 10, 11, 13, 12, 11, 13, 14, 13],
"病斑密度 (1–10)": [3, 4, 3, 3, 4, 3, 3, 3, 4, 3, 4, 4, 3, 3, 4, 3, 3, 4, 4, 3],
"孢子产生量 (1–5)": [2, 2, 2, 2, 2, 2, 2, 2, 2, 2, 2, 2, 2, 2, 2, 2, 2, 2, 2, 2],
"颜色鲜艳度 (1–5)": [2, 2, 2, 2, 2, 2, 2, 2, 2, 2, 2, 2, 2, 2, 2, 2, 2, 2, 2, 2],
"总体严重程度 (1–9)": [2, 3, 2, 2, 3, 2, 2, 2, 3, 2, 3, 3, 2, 2, 3, 2, 2, 3, 3, 2]
}

64.data= {
"专家编号": [1, 2, 3, 4, 5, 6, 7, 8, 9, 10, 11, 12, 13, 14, 15, 16, 17, 18, 19, 20],
"感染面积比例 (%)": [13, 16, 11, 14, 17, 12, 15, 14, 16, 15, 14, 16, 12, 13, 15, 14, 13, 15, 17, 15],
"病斑密度 (1–10)": [4, 5, 4, 4, 5, 4, 4, 4, 5, 4, 5, 5, 4, 4, 5, 4, 4, 5, 5, 4],
"孢子产生量 (1–5)": [2, 2, 2, 2, 3, 2, 2, 2, 3, 2, 3, 3, 2, 2, 3, 2, 2, 3, 3, 2],
"颜色鲜艳度 (1–5)": [2, 2, 2, 2, 3, 2, 2, 2, 3, 2, 3, 3, 2, 2, 3, 2, 2, 3, 3, 2],
"总体严重程度 (1–9)": [3, 4, 3, 3, 4, 3, 3, 3, 4, 3, 4, 4, 3, 3, 4, 3, 3, 4, 4, 3]
}

65.data = {
"专家编号": [1, 2, 3, 4, 5, 6, 7, 8, 9, 10, 11, 12, 13, 14, 15, 16, 17, 18, 19, 20],
"感染面积比例 (%)": [12, 14, 10, 13, 15, 11, 13, 12, 14, 13, 12, 14, 10, 11, 13, 12, 11, 13, 14, 13],
"病斑密度 (1–10)": [3, 4, 3, 3, 4, 3, 3, 3, 4, 3, 4, 4, 3, 3, 4, 3, 3, 4, 4, 3],
"孢子产生量 (1–5)": [2, 2, 2, 2, 2, 2, 2, 2, 2, 2, 2, 2, 2, 2, 2, 2, 2, 2, 2, 2],
"颜色鲜艳度 (1–5)": [2, 2, 2, 2, 2, 2, 2, 2, 2, 2, 2, 2, 2, 2, 2, 2, 2, 2, 2, 2],
"总体严重程度 (1–9)": [2, 3, 2, 2, 3, 2, 2, 2, 3, 2, 3, 3, 2, 2, 3, 2, 2, 3, 3, 2]
}

66.data= {
"专家编号": [1, 2, 3, 4, 5, 6, 7, 8, 9, 10, 11, 12, 13, 14, 15, 16, 17, 18, 19, 20],
"感染面积比例 (%)": [10, 12, 8, 11, 14, 9, 12, 11, 13, 12, 11, 13, 9, 10, 12, 11, 10, 12, 13, 12],
"病斑密度 (1–10)": [3, 4, 3, 3, 4, 3, 3, 3, 4, 3, 4, 4, 3, 3, 4, 3, 3, 4, 4, 3],
"孢子产生量 (1–5)": [2, 2, 2, 2, 2, 2, 2, 2, 2, 2, 2, 2, 2, 2, 2, 2, 2, 2, 2, 2],
"颜色鲜艳度 (1–5)": [2, 2, 2, 2, 2, 2, 2, 2, 2, 2, 2, 2, 2, 2, 2, 2, 2, 2, 2, 2],
"总体严重程度 (1–9)": [2, 3, 2, 2, 3, 2, 2, 2, 3, 2, 3, 3, 2, 2, 3, 2, 2, 3, 3, 2]
}

67.data = {
"专家编号": [1, 2, 3, 4, 5, 6, 7, 8, 9, 10, 11, 12, 13, 14, 15, 16, 17, 18, 19, 20],
"感染面积比例 (%)": [8, 10, 6, 9, 12, 7, 10, 9, 11, 10, 9, 11, 7, 8, 10, 9, 8, 10, 11, 10],
"病斑密度 (1–10)": [2, 3, 2, 2, 3, 2, 2, 2, 3, 2, 3, 3, 2, 2, 3, 2, 2, 3, 3, 2],
"孢子产生量 (1–5)": [1, 1, 1, 1, 1, 1, 1, 1, 1, 1, 1, 1, 1, 1, 1, 1, 1, 1, 1, 1],
"颜色鲜艳度 (1–5)": [1, 1, 1, 1, 1, 1, 1, 1, 1, 1, 1, 1, 1, 1, 1, 1, 1, 1, 1, 1],
"总体严重程度 (1–9)": [1, 2, 1, 1, 2, 1, 1, 1, 2, 1, 2, 2, 1, 1, 2, 1, 1, 2, 2, 1]
}

68.data = {
"专家编号": [1, 2, 3, 4, 5, 6, 7, 8, 9, 10, 11, 12, 13, 14, 15, 16, 17, 18, 19, 20],
"感染面积比例 (%)": [6, 10, 6, 10, 12, 8, 10, 9, 11, 9, 9, 11, 7, 8, 8, 9, 8, 10, 11, 10],
"病斑密度 (1–10)": [2, 3, 2, 2, 3, 2, 2, 2, 3, 2, 3, 3, 2, 2, 3, 2, 2, 3, 3, 2],
"孢子产生量 (1–5)": [1, 1, 1, 1, 1, 1, 1, 1, 1, 1, 1, 1, 1, 1, 1, 1, 1, 1, 1, 1],
"颜色鲜艳度 (1–5)": [1, 1, 1, 1, 1, 1, 1, 1, 1, 1, 1, 1, 1, 1, 1, 1, 1, 1, 1, 1],
"总体严重程度 (1–9)": [1, 2, 1, 1, 2, 1, 1, 1, 2, 1, 2, 2, 1, 1, 2, 1, 1, 2, 2, 1]
}

69.data = {
"专家编号": [1, 2, 3, 4, 5, 6, 7, 8, 9, 10, 11, 12, 13, 14, 15, 16, 17, 18, 19, 20],
"感染面积比例 (%)": [30, 32, 28, 31, 33, 29, 30, 31, 32, 30, 31, 33, 29, 30, 32, 31, 30, 32, 33, 31],
"病斑密度 (1–10)": [5, 6, 5, 5, 6, 5, 5, 5, 6, 5, 6, 6, 5, 5, 6, 5, 5, 6, 6, 5],
"孢子产生量 (1–5)": [3, 3, 3, 3, 3, 3, 3, 3, 3, 3, 3, 3, 3, 3, 3, 3, 3, 3, 3, 3],
"颜色鲜艳度 (1–5)": [3, 3, 3, 3, 3, 3, 3, 3, 3, 3, 3, 3, 3, 3, 3, 3, 3, 3, 3, 3],
"总体严重程度 (1–9)": [4, 4, 4, 4, 4, 4, 4, 4, 4, 4, 4, 4, 4, 4, 4, 4, 4, 4, 4, 4]
}

70.data = {
    "专家编号": [1, 2, 3, 4, 5, 6, 7, 8, 9, 10, 11, 12, 13, 14, 15, 16, 17, 18, 19, 20],
    "感染面积比例 (%)": [35, 42, 38, 40, 45, 32, 37, 41, 39, 36, 40, 43, 35, 38, 42, 39, 36, 40, 44, 37],
    "病斑密度 (1–10)": [7, 8, 7, 8, 9, 6, 7, 8, 7, 6, 8, 8, 7, 7, 8, 7, 6, 7, 9, 7],
    "孢子产生量 (1–5)": [4, 5, 4, 4, 5, 3, 4, 4, 4, 3, 4, 5, 3, 4, 4, 4, 3, 4, 5, 4],
    "颜色鲜艳度 (1–5)": [4, 5, 4, 4, 5, 4, 4, 5, 4, 4, 5, 5, 4, 4, 5, 4, 4, 5, 5, 4],
    "总体严重程度 (1–9)": [6, 7, 6, 7, 8, 5, 6, 7, 6, 6, 7, 7, 6, 6, 7, 6, 5, 7, 8, 6]
}

71.data = {
    "专家编号":  [1, 2, 3, 4, 5, 6, 7, 8, 9, 10, 11, 12, 13, 14, 15, 16, 17, 18, 19, 20],
    "感染面积比例 (%)": [35, 42, 38, 40, 45, 32, 37, 41, 39, 36, 40, 43, 35, 38, 42, 39, 36, 40, 44, 37],
    "病斑密度 (1–10)": [7, 8, 7, 8, 9, 6, 7, 8, 7, 6, 8, 8, 7, 7, 8, 7, 6, 7, 9, 7],
    "孢子产生量 (1–5)": [4, 5, 4, 4, 5, 3, 4, 4, 4, 3, 4, 5, 3, 4, 4, 4, 3, 4, 5, 4],
    "颜色鲜艳度 (1–5)": [4, 5, 4, 4, 5, 4, 4, 5, 4, 4, 5, 5, 4, 4, 5, 4, 4, 5, 5, 4],
    "总体严重程度 (1–9)": [6, 7, 6, 7, 8, 5, 6, 7, 6, 6, 7, 7, 6, 6, 7, 6, 5, 7, 8, 6]
}

72.data = {
    "专家编号":[1, 2, 3, 4, 5, 6, 7, 8, 9, 10, 11, 12, 13, 14, 15, 16, 17, 18, 19, 20],
    "感染面积比例 (%)": [25, 30, 22, 28, 32, 20, 27, 24, 31, 26, 23, 29, 27, 25, 33, 21, 26, 30, 28, 24],
    "病斑密度 (1–10)": [5, 6, 4, 5, 6, 4, 5, 5, 6, 5, 4, 6, 5, 5, 6, 4, 5, 6, 5, 4],
    "孢子产生量 (1–5)": [3, 4, 3, 3, 4, 2, 3, 3, 4, 3, 3, 4, 3, 3, 4, 2, 3, 4, 3, 3],
    "颜色鲜艳度 (1–5)": [3, 4, 3, 3, 4, 3, 3, 3, 4, 3, 3, 4, 3, 3, 4, 3, 3, 4, 3, 3],
    "总体严重程度 (1–9)": [5, 6, 4, 5, 6, 4, 5, 5, 6, 5, 4, 6, 5, 5, 6, 4, 5, 6, 5, 4]
}

73.data = {
"专家编号": [1, 2, 3, 4, 5, 6, 7, 8, 9, 10, 11, 12, 13, 14, 15, 16, 17, 18, 19, 20],
"感染面积比例 (%)": [15.3, 12.8, 14.2, 17.1, 13.9, 16.5, 14.8, 15.7, 13.2, 14.9, 
                   16.2, 15.5, 13.7, 14.6, 12.5, 15.8, 14.3, 16.8, 13.4, 15.2],
"病斑密度 (1–10)": [5, 4, 4, 6, 5, 5, 5, 6, 4, 5, 
                   6, 5, 4, 5, 4, 6, 4, 6, 4, 5],
"孢子产生量 (1–5)": [3, 2, 3, 3, 3, 3, 3, 3, 2, 3, 
                   3, 3, 2, 3, 2, 3, 3, 3, 2, 3],
"颜色鲜艳度 (1–5)": [4, 3, 4, 4, 4, 4, 4, 4, 3, 4, 
                   4, 4, 3, 4, 3, 4, 4, 4, 3, 4],
"总体严重程度 (1–9)": [5, 4, 5, 6, 5, 5, 5, 6, 4, 5, 
                     6, 5, 4, 5, 4, 6, 5, 6, 4, 5]
}

74.data = {
"专家编号": [1, 2, 3, 4, 5, 6, 7, 8, 9, 10, 11, 12, 13, 14, 15, 16, 17, 18, 19, 20],
"感染面积比例 (%)": [45.2, 48.7, 43.9, 46.3, 47.5, 49.1, 44.6, 47.8, 46.9, 45.8, 
                   48.2, 47.3, 44.5, 46.7, 48.9, 45.1, 47.0, 48.6, 46.8, 47.4],
"病斑密度 (1–10)": [8, 8, 7, 8, 8, 9, 7, 8, 8, 8, 
                   9, 8, 7, 8, 8, 8, 8, 9, 8, 8],
"孢子产生量 (1–5)": [4, 4, 4, 4, 5, 4, 4, 4, 4, 4, 
                   5, 4, 4, 4, 4, 4, 4, 5, 4, 4],
"颜色鲜艳度 (1–5)": [5, 5, 4, 5, 5, 5, 4, 5, 5, 4, 
                   5, 5, 4, 5, 5, 5, 5, 5, 5, 5],
"总体严重程度 (1–9)": [8, 8, 7, 8, 8, 9, 7, 8, 8, 8, 
                     9, 8, 7, 8, 8, 8, 8, 9, 8, 8]
}

75.data = {
"专家编号":[1, 2, 3, 4, 5, 6, 7, 8, 9, 10, 11, 12, 13, 14, 15, 16, 17, 18, 19, 20],
"感染面积比例 (%)": [62.5, 65.8, 60.3, 63.7, 64.2, 66.9, 61.8, 64.5, 63.1, 62.9, 
                   65.3, 64.7, 61.2, 63.9, 66.4, 62.7, 64.8, 65.6, 63.4, 64.1],
"病斑密度 (1–10)": [9, 9, 8, 9, 9, 10, 8, 9, 9, 9, 
                   10, 9, 8, 9, 9, 9, 9, 10, 9, 9],
"孢子产生量 (1–5)": [5, 5, 4, 5, 5, 5, 4, 5, 5, 5, 
                   5, 5, 4, 5, 5, 5, 5, 5, 5, 5],
"颜色鲜艳度 (1–5)": [5, 5, 5, 5, 5, 5, 5, 5, 5, 5, 
                   5, 5, 5, 5, 5, 5, 5, 5, 5, 5],
"总体严重程度 (1–9)": [9, 9, 8, 9, 9, 9, 8, 9, 9, 9, 
                     9, 9, 8, 9, 9, 9, 9, 9, 9, 9]
}

76.data = {
"专家编号": [1, 2, 3, 4, 5, 6, 7, 8, 9, 10, 11, 12, 13, 14, 15, 16, 17, 18, 19, 20],
"感染面积比例 (%)": [78.4, 82.1, 75.9, 79.8, 80.5, 83.7, 77.2, 81.3, 80.9, 78.6, 
                   82.5, 81.9, 76.8, 79.7, 83.2, 78.3, 81.1, 83.4, 80.2, 81.8],
"病斑密度 (1–10)": [10, 10, 9, 10, 10, 10, 9, 10, 10, 10, 
                   10, 10, 9, 10, 10, 10, 10, 10, 10, 10],
"孢子产生量 (1–5)": [5, 5, 5, 5, 5, 5, 5, 5, 5, 5, 
                   5, 5, 5, 5, 5, 5, 5, 5, 5, 5],
"颜色鲜艳度 (1–5)": [5, 5, 5, 5, 5, 5, 5, 5, 5, 5, 
                   5, 5, 5, 5, 5, 5, 5, 5, 5, 5],
"总体严重程度 (1–9)": [9, 9, 9, 9, 9, 9, 9, 9, 9, 9, 
                     9, 9, 9, 9, 9, 9, 9, 9, 9, 9]
}

77.data = {
"专家编号":[1, 2, 3, 4, 5, 6, 7, 8, 9, 10, 11, 12, 13, 14, 15, 16, 17, 18, 19, 20],
"感染面积比例 (%)": [35.2, 38.5, 33.7, 36.9, 37.3, 39.1, 34.8, 37.6, 36.4, 35.7, 
                   38.2, 37.9, 33.9, 36.5, 38.8, 35.6, 37.2, 38.4, 36.1, 37.1],
"病斑密度 (1–10)": [7, 7, 6, 7, 7, 8, 6, 7, 7, 7, 
                   8, 7, 6, 7, 7, 7, 7, 8, 7, 7],
"孢子产生量 (1–5)": [4, 4, 3, 4, 4, 4, 3, 4, 4, 4, 
                   4, 4, 3, 4, 4, 4, 4, 4, 4, 4],
"颜色鲜艳度 (1–5)": [5, 5, 4, 5, 5, 5, 4, 5, 5, 5, 
                   5, 5, 4, 5, 5, 5, 5, 5, 5, 5],
"总体严重程度 (1–9)": [7, 7, 6, 7, 7, 8, 6, 7, 7, 7, 
                     8, 7, 6, 7, 7, 7, 7, 8, 7, 7]
}

78.data = {
"专家编号":[1, 2, 3, 4, 5, 6, 7, 8, 9, 10, 11, 12, 13, 14, 15, 16, 17, 18, 19, 20],
"感染面积比例 (%)": [54.8, 57.3, 52.6, 55.9, 56.2, 58.1, 53.4, 56.5, 55.7, 54.2, 
                   57.6, 56.9, 52.8, 55.4, 58.4, 54.5, 56.1, 57.7, 55.3, 56.4],
"病斑密度 (1–10)": [8, 8, 7, 8, 8, 9, 7, 8, 8, 8, 
                   9, 8, 7, 8, 8, 8, 8, 9, 8, 8],
"孢子产生量 (1–5)": [4, 4, 4, 4, 5, 4, 4, 4, 4, 4, 
                   5, 4, 4, 4, 4, 4, 4, 5, 4, 4],
"颜色鲜艳度 (1–5)": [5, 5, 5, 5, 5, 5, 5, 5, 5, 5, 
                   5, 5, 5, 5, 5, 5, 5, 5, 5, 5],
"总体严重程度 (1–9)": [8, 8, 7, 8, 8, 9, 7, 8, 8, 8, 
                     9, 8, 7, 8, 8, 8, 8, 9, 8, 8]
}

79.data = {
    "专家编号": [1, 2, 3, 4, 5, 6, 7, 8, 9, 10, 11, 12, 13, 14, 15, 16, 17, 18, 19, 20],
    "感染面积比例 (%)": [15, 12, 18, 14, 16, 13, 17, 15, 14, 19, 13, 16, 15, 18, 14, 17, 15, 16, 13, 14],
    "病斑密度 (1-10)": [6, 5, 7, 6, 6, 5, 7, 6, 5, 7, 5, 6, 6, 7, 5, 6, 6, 7, 5, 6],
    "孢子产生量 (1-5)": [3, 2, 4, 3, 3, 2, 4, 3, 3, 4, 2, 3, 3, 4, 3, 3, 3, 4, 2, 3],
    "颜色鲜艳度 (1-5)": [4, 3, 4, 3, 4, 3, 4, 4, 3, 4, 3, 4, 4, 4, 3, 4, 3, 4, 3, 4],
    "总体严重程度 (1-9)": [5, 4, 6, 5, 5, 4, 6, 5, 4, 6, 4, 5, 5, 6, 4, 5, 5, 6, 4, 5]
}

80.data = {
    "专家编号": [1, 2, 3, 4, 5, 6, 7, 8, 9, 10, 11, 12, 13, 14, 15, 16, 17, 18, 19, 20],
    "感染面积比例 (%)": [15, 18, 12, 16, 14, 17, 13, 19, 15, 14, 16, 18, 15, 13, 17, 15, 14, 16, 18, 15],
    "病斑密度 (1–10)": [4, 5, 3, 4, 5, 4, 3, 5, 4, 3, 5, 4, 3, 4, 5, 4, 3, 5, 4, 4],
    "孢子产生量 (1–5)": [3, 4, 2, 3, 3, 4, 2, 3, 3, 2, 4, 3, 3, 2, 3, 3, 2, 4, 3, 3],
    "颜色鲜艳度 (1–5)": [3, 4, 3, 3, 2, 4, 3, 4, 3, 2, 3, 4, 3, 2, 4, 3, 2, 3, 4, 3],
    "总体严重程度 (1–9)": [4, 5, 3, 4, 4, 5, 3, 5, 4, 3, 5, 5, 4, 3, 5, 4, 3, 5, 5, 4]
}

81.data = {
    "专家编号": [1, 2, 3, 4, 5, 6, 7, 8, 9, 10, 11, 12, 13, 14, 15, 16, 17, 18, 19, 20],
    "感染面积比例 (%)": [23, 25, 20, 22, 26, 21, 24, 27, 22, 25, 23, 21, 26, 24, 20, 25, 22, 24, 23, 25],
    "病斑密度 (1–10)": [6, 7, 5, 6, 7, 5, 6, 7, 6, 7, 6, 5, 7, 6, 5, 7, 6, 6, 7, 6],
    "孢子产生量 (1–5)": [4, 4, 3, 4, 5, 3, 4, 5, 4, 4, 3, 4, 5, 4, 3, 4, 3, 4, 4, 5],
    "颜色鲜艳度 (1–5)": [4, 5, 4, 4, 5, 3, 4, 5, 4, 5, 4, 3, 5, 4, 4, 5, 4, 4, 5, 4],
    "总体严重程度 (1–9)": [6, 7, 5, 6, 7, 5, 6, 7, 6, 7, 6, 5, 7, 6, 5, 7, 6, 6, 7, 6]
}

82.data = {
    "专家编号": [1, 2, 3, 4, 5, 6, 7, 8, 9, 10, 11, 12, 13, 14, 15, 16, 17, 18, 19, 20],
    "感染面积比例 (%)": [35, 38, 32, 36, 40, 34, 37, 39, 33, 36, 38, 35, 40, 37, 33, 36, 39, 34, 37, 35],
    "病斑密度 (1–10)": [8, 9, 7, 8, 9, 7, 8, 9, 7, 8, 9, 8, 9, 8, 7, 8, 9, 7, 8, 8],
    "孢子产生量 (1–5)": [4, 5, 4, 4, 5, 4, 5, 5, 4, 4, 5, 4, 5, 4, 4, 5, 5, 4, 4, 5],
    "颜色鲜艳度 (1–5)": [4, 5, 4, 5, 5, 4, 5, 5, 4, 4, 5, 4, 5, 5, 4, 5, 5, 4, 4, 5],
    "总体严重程度 (1–9)": [7, 8, 6, 7, 8, 7, 8, 8, 6, 7, 8, 7, 8, 7, 6, 7, 8, 7, 7, 8]
}

83.data = {
    "专家编号": [1, 2, 3, 4, 5, 6, 7, 8, 9, 10, 11, 12, 13, 14, 15, 16, 17, 18, 19, 20],
    "感染面积比例 (%)": [28, 30, 25, 29, 32, 27, 30, 33, 26, 29, 31, 28, 33, 30, 26, 29, 32, 27, 30, 28],
    "病斑密度 (1–10)": [7, 8, 6, 7, 8, 6, 7, 8, 6, 7, 8, 7, 8, 7, 6, 7, 8, 6, 7, 7],
    "孢子产生量 (1–5)": [4, 5, 3, 4, 5, 4, 4, 5, 3, 4, 5, 4, 5, 4, 3, 4, 5, 4, 4, 4],
    "颜色鲜艳度 (1–5)": [4, 5, 4, 4, 5, 4, 5, 5, 4, 4, 5, 4, 5, 4, 4, 5, 5, 4, 4, 4],
    "总体严重程度 (1–9)": [6, 7, 5, 6, 7, 6, 7, 7, 5, 6, 7, 6, 7, 6, 5, 6, 7, 6, 6, 6]
}

84.data = {
    "专家编号": [1, 2, 3, 4, 5, 6, 7, 8, 9, 10, 11, 12, 13, 14, 15, 16, 17, 18, 19, 20],
    "感染面积比例 (%)": [18, 20, 15, 17, 21, 16, 19, 22, 16, 18, 20, 17, 21, 18, 15, 19, 20, 16, 18, 17],
    "病斑密度 (1–10)": [5, 6, 4, 5, 6, 4, 5, 6, 4, 5, 6, 5, 6, 5, 4, 5, 6, 4, 5, 5],
    "孢子产生量 (1–5)": [3, 4, 2, 3, 4, 3, 3, 4, 2, 3, 4, 3, 4, 3, 2, 3, 4, 3, 3, 3],
    "颜色鲜艳度 (1–5)": [3, 4, 3, 3, 4, 3, 4, 4, 3, 3, 4, 3, 4, 3, 3, 4, 4, 3, 3, 3],
    "总体严重程度 (1–9)": [5, 6, 4, 5, 6, 4, 5, 6, 4, 5, 6, 5, 6, 5, 4, 5, 6, 4, 5, 5]
}

85.data = {
    "专家编号": [1, 2, 3, 4, 5, 6, 7, 8, 9, 10, 11, 12, 13, 14, 15, 16, 17, 18, 19, 20],
    "感染面积比例 (%)": [25, 28, 22, 26, 30, 24, 27, 29, 23, 26, 28, 25, 29, 27, 22, 26, 30, 24, 27, 25],
    "病斑密度 (1–10)": [6, 7, 5, 6, 7, 5, 6, 7, 5, 6, 7, 6, 7, 6, 5, 6, 7, 5, 6, 6],
    "孢子产生量 (1–5)": [3, 4, 3, 3, 4, 3, 4, 4, 3, 3, 4, 3, 4, 3, 3, 4, 4, 3, 3, 3],
    "颜色鲜艳度 (1–5)": [3, 4, 3, 3, 4, 3, 3, 4, 3, 3, 4, 3, 4, 3, 3, 4, 4, 3, 3, 3],
    "总体严重程度 (1–9)": [5, 6, 4, 5, 6, 5, 6, 6, 4, 5, 6, 5, 6, 5, 4, 5, 6, 5, 5, 5]
}

86.data = {
    "专家编号": [1, 2, 3, 4, 5, 6, 7, 8, 9, 10, 11, 12, 13, 14, 15, 16, 17, 18, 19, 20],
    "感染面积比例 (%)": [15, 18, 13, 16, 19, 14, 17, 20, 15, 17, 19, 14, 18, 16, 13, 17, 19, 15, 16, 17],
    "病斑密度 (1–10)": [4, 5, 3, 4, 5, 3, 4, 6, 4, 5, 5, 3, 5, 4, 3, 4, 5, 4, 4, 4],
    "孢子产生量 (1–5)": [3, 4, 2, 3, 4, 2, 3, 4, 3, 3, 4, 2, 3, 3, 2, 3, 4, 3, 3, 3],
    "颜色鲜艳度 (1–5)": [4, 4, 3, 4, 5, 3, 4, 5, 4, 4, 5, 3, 4, 4, 3, 4, 5, 4, 4, 4],
    "总体严重程度 (1–9)": [4, 5, 3, 4, 5, 3, 4, 6, 4, 5, 5, 3, 5, 4, 3, 4, 5, 4, 4, 4]
}

87.data = {
   "专家编号": [1, 2, 3, 4, 5, 6, 7, 8, 9, 10, 11, 12, 13, 14, 15, 16, 17, 18, 19, 20],
   "感染面积比例 (%)": [45, 48, 42, 46, 50, 43, 47, 49, 44, 46, 49, 45, 50, 47, 42, 46, 48, 43, 47, 45],
   "病斑密度 (1–10)": [8, 9, 7, 8, 9, 7, 8, 9, 8, 8, 9, 8, 9, 8, 7, 8, 9, 7, 8, 8],
   "孢子产生量 (1–5)": [4, 5, 4, 4, 5, 4, 5, 5, 4, 4, 5, 4, 5, 4, 4, 5, 5, 4, 4, 4],
   "颜色鲜艳度 (1–5)": [5, 5, 4, 5, 5, 4, 5, 5, 4, 5, 5, 4, 5, 5, 4, 5, 5, 4, 5, 5],
   "总体严重程度 (1–9)": [8, 9, 7, 8, 9, 7, 8, 9, 8, 8, 9, 8, 9, 8, 7, 8, 9, 7, 8, 8]
}

88.data = {
    "专家编号": [1, 2, 3, 4, 5, 6, 7, 8, 9, 10, 11, 12, 13, 14, 15, 16, 17, 18, 19, 20],
    "感染面积比例 (%)": [35, 30, 42, 37, 32, 40, 45, 33, 38, 36, 41, 34, 39, 35, 43, 37, 36, 40, 34, 38],
    "病斑密度 (1–10)": [6, 7, 8, 6, 7, 8, 7, 6, 7, 8, 6, 7, 8, 7, 6, 7, 8, 7, 6, 7],
    "孢子产生量 (1–5)": [3, 4, 3, 4, 3, 4, 3, 3, 4, 3, 4, 3, 4, 3, 4, 3, 3, 4, 3, 4],
    "颜色鲜艳度 (1–5)": [4, 3, 4, 3, 4, 3, 4, 3, 4, 3, 4, 3, 4, 3, 4, 3, 4, 3, 4, 3],
    "总体严重程度 (1–9)": [6, 5, 7, 6, 5, 6, 7, 5, 6, 6, 7, 5, 6, 6, 7, 6, 6, 7, 5, 6]
}

89.data = {
    "专家编号": [1, 2, 3, 4, 5, 6, 7, 8, 9, 10, 11, 12, 13, 14, 15, 16, 17, 18, 19, 20],
    "感染面积比例 (%)": [8, 12, 9, 7, 10, 15, 11, 8, 13, 9, 10, 12, 7, 14, 10, 9, 8, 11, 13, 10],
    "病斑密度 (1–10)": [3, 4, 3, 2, 3, 5, 4, 3, 4, 3, 3, 4, 2, 4, 3, 3, 2, 4, 4, 3],
    "孢子产生量 (1–5)": [2, 3, 2, 1, 2, 3, 2, 2, 3, 2, 2, 3, 1, 3, 2, 2, 1, 2, 3, 2],
    "颜色鲜艳度 (1–5)": [3, 4, 3, 2, 3, 4, 3, 3, 4, 3, 3, 4, 2, 4, 3, 3, 2, 3, 4, 3],
    "总体严重程度 (1–9)": [3, 4, 3, 2, 3, 5, 4, 3, 4, 3, 3, 4, 2, 4, 3, 3, 2, 3, 4, 3]
}

90.data = {
    "专家编号": [1, 2, 3, 4, 5, 6, 7, 8, 9, 10, 11, 12, 13, 14, 15, 16, 17, 18, 19, 20],
    "感染面积比例 (%)": [18, 22, 15, 20, 25, 17, 21, 16, 19, 23, 20, 24, 18, 21, 19, 17, 22, 20, 15, 19],
    "病斑密度 (1–10)": [5, 6, 4, 5, 7, 5, 6, 4, 5, 6, 5, 7, 4, 6, 5, 4, 6, 5, 4, 5],
    "孢子产生量 (1–5)": [3, 4, 2, 3, 4, 3, 4, 2, 3, 4, 3, 4, 3, 3, 3, 2, 4, 3, 2, 3],
    "颜色鲜艳度 (1–5)": [4, 5, 3, 4, 5, 4, 4, 3, 4, 5, 4, 5, 4, 4, 4, 3, 5, 4, 3, 4],
    "总体严重程度 (1–9)": [5, 6, 4, 5, 7, 5, 6, 4, 5, 6, 5, 6, 5, 5, 5, 4, 6, 5, 4, 5]
}

91.data = {
    "专家编号": [1, 2, 3, 4, 5, 6, 7, 8, 9, 10, 11, 12, 13, 14, 15, 16, 17, 18, 19, 20],
    "感染面积比例 (%)": [25, 28, 30, 22, 27, 32, 24, 29, 26, 31, 23, 28, 25, 30, 27, 24, 29, 26, 31, 28],
    "病斑密度 (1–10)": [6, 7, 7, 5, 6, 8, 6, 7, 6, 7, 5, 7, 6, 7, 6, 5, 7, 6, 8, 7],
    "孢子产生量 (1–5)": [3, 4, 4, 3, 3, 4, 3, 4, 3, 4, 3, 4, 3, 4, 3, 3, 4, 3, 4, 4],
    "颜色鲜艳度 (1–5)": [4, 4, 5, 3, 4, 5, 4, 4, 4, 5, 3, 4, 4, 5, 4, 3, 4, 4, 5, 4],
    "总体严重程度 (1–9)": [5, 6, 6, 4, 5, 7, 5, 6, 5, 6, 4, 6, 5, 6, 5, 4, 6, 5, 7, 6]
}

92.data = {
    "专家编号": [1, 2, 3, 4, 5, 6, 7, 8, 9, 10, 11, 12, 13, 14, 15, 16, 17, 18, 19, 20],
    "感染面积比例 (%)": [30, 35, 28, 32, 36, 29, 33, 27, 34, 31, 35, 28, 32, 30, 34, 29, 33, 31, 35, 32],
    "病斑密度 (1–10)": [7, 8, 6, 7, 8, 6, 7, 6, 8, 7, 8, 6, 7, 7, 8, 6, 7, 7, 8, 7],
    "孢子产生量 (1–5)": [4, 4, 3, 4, 5, 3, 4, 3, 4, 4, 5, 3, 4, 4, 4, 3, 4, 4, 5, 4],
    "颜色鲜艳度 (1–5)": [4, 5, 4, 4, 5, 4, 4, 3, 5, 4, 5, 4, 4, 4, 5, 4, 4, 4, 5, 4],
    "总体严重程度 (1–9)": [6, 7, 5, 6, 7, 5, 6, 5, 7, 6, 7, 5, 6, 6, 7, 5, 6, 6, 7, 6]
}

93.data = {
    "专家编号": [1, 2, 3, 4, 5, 6, 7, 8, 9, 10, 11, 12, 13, 14, 15, 16, 17, 18, 19, 20],
    "感染面积比例 (%)": [28, 32, 25, 30, 35, 27, 33, 26, 31, 29, 34, 28, 32, 30, 33, 27, 31, 29, 34, 30],
    "病斑密度 (1–10)": [6, 7, 5, 6, 8, 6, 7, 5, 7, 6, 7, 6, 7, 6, 7, 5, 6, 6, 7, 6],
    "孢子产生量 (1–5)": [3, 4, 3, 3, 4, 3, 4, 3, 4, 3, 4, 3, 4, 3, 4, 3, 3, 3, 4, 3],
    "颜色鲜艳度 (1–5)": [4, 4, 3, 4, 5, 4, 4, 3, 4, 4, 5, 4, 4, 4, 4, 3, 4, 4, 5, 4],
    "总体严重程度 (1–9)": [5, 6, 4, 5, 7, 5, 6, 4, 6, 5, 6, 5, 6, 5, 6, 4, 5, 5, 6, 5]
}

94.data = {
    "专家编号": [1, 2, 3, 4, 5, 6, 7, 8, 9, 10, 11, 12, 13, 14, 15, 16, 17, 18, 19, 20],
    "感染面积比例 (%)": [8, 10, 5, 7, 12, 6, 9, 7, 11, 8, 10, 6, 9, 7, 11, 5, 8, 7, 10, 9],
    "病斑密度 (1–10)": [3, 3, 2, 2, 4, 2, 3, 2, 4, 3, 3, 2, 3, 2, 4, 2, 3, 2, 3, 3],
    "孢子产生量 (1–5)": [2, 2, 1, 1, 3, 1, 2, 1, 2, 2, 2, 1, 2, 1, 3, 1, 2, 1, 2, 2],
    "颜色鲜艳度 (1–5)": [2, 3, 2, 2, 3, 2, 2, 2, 3, 2, 3, 2, 2, 2, 3, 2, 2, 2, 3, 2],
    "总体严重程度 (1–9)": [3, 3, 2, 2, 4, 2, 3, 2, 3, 3, 3, 2, 3, 2, 4, 2, 3, 2, 3, 3]
}

95.data = {
    "专家编号": [1, 2, 3, 4, 5, 6, 7, 8, 9, 10, 11, 12, 13, 14, 15, 16, 17, 18, 19, 20],
    "感染面积比例 (%)": [75, 80, 72, 78, 85, 70, 82, 75, 83, 77, 81, 74, 79, 76, 84, 73, 80, 78, 85, 76],
    "病斑密度 (1–10)": [9, 9, 8, 9, 10, 8, 9, 9, 10, 9, 9, 8, 9, 9, 10, 8, 9, 9, 10, 9],
    "孢子产生量 (1–5)": [5, 5, 4, 5, 5, 4, 5, 5, 5, 4, 5, 4, 5, 4, 5, 4, 5, 5, 5, 4],
    "颜色鲜艳度 (1–5)": [5, 5, 4, 5, 5, 4, 5, 5, 5, 4, 5, 4, 5, 5, 5, 4, 5, 5, 5, 5],
    "总体严重程度 (1–9)": [8, 9, 8, 8, 9, 7, 9, 8, 9, 8, 9, 8, 8, 8, 9, 7, 9, 8, 9, 8]
}

96.data = {
   "专家编号": [1, 2, 3, 4, 5, 6, 7, 8, 9, 10, 11, 12, 13, 14, 15, 16, 17, 18, 19, 20],
   "感染面积比例 (%)": [55, 60, 52, 58, 65, 54, 62, 53, 59, 56, 63, 51, 57, 60, 55, 50, 61, 58, 64, 56],
   "病斑密度 (1–10)": [8, 8, 7, 8, 9, 7, 8, 7, 8, 8, 9, 6, 8, 8, 7, 6, 8, 8, 9, 7],
   "孢子产生量 (1–5)": [4, 4, 3, 4, 5, 4, 4, 3, 4, 4, 5, 3, 4, 4, 4, 3, 4, 4, 5, 4],
   "颜色鲜艳度 (1–5)": [4, 5, 4, 4, 5, 4, 5, 4, 4, 4, 5, 3, 4, 5, 4, 3, 5, 4, 5, 4],
   "总体严重程度 (1–9)": [7, 8, 6, 7, 8, 7, 8, 6, 7, 7, 8, 6, 7, 8, 7, 6, 8, 7, 8, 7]
}

97.data = {
"专家编号": [1, 2, 3, 4, 5, 6, 7, 8, 9, 10, 11, 12, 13, 14, 15, 16, 17, 18, 19, 20],
"感染面积比例 (%)": [32, 35, 29, 33, 30, 34, 28, 36, 31, 33, 30, 35, 32, 29, 34, 31, 36, 28, 33, 32],
"病斑密度 (1–10)": [7, 8, 6, 7, 7, 8, 6, 7, 6, 7, 8, 7, 6, 7, 8, 6, 7, 6, 8, 7],
"孢子产生量 (1–5)": [4, 4, 3, 4, 3, 4, 3, 4, 3, 4, 3, 4, 3, 3, 4, 3, 4, 3, 4, 3],
"颜色鲜艳度 (1–5)": [4, 5, 4, 4, 3, 4, 4, 5, 4, 4, 3, 4, 4, 3, 4, 4, 5, 4, 4, 4],
"总体严重程度 (1–9)": [6, 7, 5, 6, 6, 7, 5, 7, 6, 6, 6, 7, 6, 5, 7, 6, 7, 5, 6, 6]
}

98.data = {
"专家编号": [1, 2, 3, 4, 5, 6, 7, 8, 9, 10, 11, 12, 13, 14, 15, 16, 17, 18, 19, 20],
"感染面积比例 (%)": [45, 48, 42, 47, 44, 50, 43, 46, 49, 45, 47, 43, 48, 45, 42, 49, 44, 46, 47, 43],
"病斑密度 (1–10)": [8, 9, 7, 8, 8, 9, 7, 8, 9, 8, 7, 8, 9, 8, 7, 9, 8, 8, 9, 7],
"孢子产生量 (1–5)": [4, 5, 4, 4, 3, 5, 4, 4, 5, 4, 3, 4, 5, 4, 3, 5, 4, 4, 5, 3],
"颜色鲜艳度 (1–5)": [4, 5, 4, 4, 3, 5, 4, 4, 5, 4, 3, 4, 5, 4, 3, 5, 4, 4, 5, 3],
"总体严重程度 (1–9)": [7, 8, 6, 7, 7, 8, 6, 7, 8, 7, 6, 7, 8, 7, 6, 8, 7, 7, 8, 6]
}

99.data = {
"专家编号": [1, 2, 3, 4, 5, 6, 7, 8, 9, 10, 11, 12, 13, 14, 15, 16, 17, 18, 19, 20],
"感染面积比例 (%)": [62, 65, 58, 63, 60, 67, 59, 64, 61, 66, 60, 63, 58, 65, 62, 59, 66, 61, 64, 62],
"病斑密度 (1–10)": [9, 10, 8, 9, 8, 10, 8, 9, 8, 10, 9, 8, 8, 9, 10, 8, 9, 8, 10, 9],
"孢子产生量 (1–5)": [5, 5, 4, 5, 4, 5, 4, 5, 4, 5, 4, 5, 4, 5, 4, 4, 5, 4, 5, 4],
"颜色鲜艳度 (1–5)": [5, 5, 4, 5, 4, 5, 4, 5, 4, 5, 4, 5, 4, 5, 4, 4, 5, 4, 5, 4],
"总体严重程度 (1–9)": [8, 9, 7, 8, 7, 9, 7, 8, 7, 9, 8, 7, 7, 8, 9, 7, 8, 7, 9, 8]
}

100.data = {
"专家编号": [1, 2, 3, 4, 5, 6, 7, 8, 9, 10, 11, 12, 13, 14, 15, 16, 17, 18, 19, 20],
"感染面积比例 (%)": [55, 58, 52, 56, 53, 59, 51, 57, 54, 56, 53, 58, 52, 55, 57, 51, 59, 54, 56, 53],
"病斑密度 (1–10)": [8, 9, 7, 8, 7, 9, 7, 8, 8, 9, 7, 8, 7, 8, 9, 7, 8, 8, 9, 7],
"孢子产生量 (1–5)": [4, 5, 4, 4, 3, 5, 4, 4, 3, 5, 4, 4, 3, 4, 5, 4, 4, 3, 5, 4],
"颜色鲜艳度 (1–5)": [4, 5, 4, 4, 3, 5, 4, 4, 3, 5, 4, 4, 3, 4, 5, 4, 4, 3, 5, 4],
"总体严重程度 (1–9)": [7, 8, 6, 7, 6, 8, 6, 7, 7, 8, 6, 7, 6, 7, 8, 6, 7, 7, 8, 6]
}
