1.data = { "专家编号": list(range(1, 21)), "感染面积比例 (%)": [1, 0, 2, 1, 0, 1, 0, 1, 2, 0, 1, 0, 1, 0, 1, 0, 2, 1, 0, 1], "病斑密度 (1–10)": [1, 1, 1, 1, 1, 1, 1, 1, 1, 1, 1, 1, 1, 1, 1, 1, 1, 1, 1, 1], "孢子产生量 (1–5)": [1, 1, 1, 1, 1, 1, 1, 1, 1, 1, 1, 1, 1, 1, 1, 1, 1, 1, 1, 1], "颜色鲜艳度 (1–5)": [1, 1, 1, 1, 1, 1, 1, 1, 1, 1, 1, 1, 1, 1, 1, 1, 1, 1, 1, 1], "总体严重程度 (1–9)": [1, 1, 1, 1, 1, 1, 1, 1, 1, 1, 1, 1, 1, 1, 1, 1, 1, 1, 1, 1] }
2.data = { "专家编号": list(range(1, 21)), "感染面积比例 (%)": [0, 0, 0, 0, 0, 0, 0, 0, 0, 0, 0, 0, 0, 0, 0, 0, 0, 0, 0, 0], "病斑密度 (1–10)": [1, 1, 1, 1, 1, 1, 1, 1, 1, 1, 1, 1, 1, 1, 1, 1, 1, 1, 1, 1], "孢子产生量 (1–5)": [1, 1, 1, 1, 1, 1, 1, 1, 1, 1, 1, 1, 1, 1, 1, 1, 1, 1, 1, 1], "颜色鲜艳度 (1–5)": [1, 1, 1, 1, 1, 1, 1, 1, 1, 1, 1, 1, 1, 1, 1, 1, 1, 1, 1, 1], "总体严重程度 (1–9)": [1, 1, 1, 1, 1, 1, 1, 1, 1, 1, 1, 1, 1, 1, 1, 1, 1, 1, 1, 1] }
3.data = { "专家编号": list(range(1, 21)), "感染面积比例 (%)": [0, 0, 0, 0, 0, 0, 0, 0, 0, 0, 0, 0, 0, 0, 0, 0, 0, 0, 0, 0], "病斑密度 (1–10)": [1, 1, 1, 1, 1, 1, 1, 1, 1, 1, 1, 1, 1, 1, 1, 1, 1, 1, 1, 1], "孢子产生量 (1–5)": [1, 1, 1, 1, 1, 1, 1, 1, 1, 1, 1, 1, 1, 1, 1, 1, 1, 1, 1, 1], "颜色鲜艳度 (1–5)": [1, 1, 1, 1, 1, 1, 1, 1, 1, 1, 1, 1, 1, 1, 1, 1, 1, 1, 1, 1], "总体严重程度 (1–9)": [1, 1, 1, 1, 1, 1, 1, 1, 1, 1, 1, 1, 1, 1, 1, 1, 1, 1, 1, 1] }
4.data = { "专家编号": list(range(1, 21)), "感染面积比例 (%)": [25, 30, 22, 28, 26, 24, 32, 27, 29, 23, 26, 31, 25, 28, 27, 22, 29, 24, 27, 26], "病斑密度 (1–10)": [4, 5, 4, 5, 4, 4, 5, 4, 5, 4, 4, 5, 4, 5, 4, 4, 5, 4, 4, 5], "孢子产生量 (1–5)": [3, 3, 2, 3, 3, 3, 4, 3, 3, 2, 3, 3, 3, 3, 3, 2, 3, 3, 3, 3], "颜色鲜艳度 (1–5)": [3, 4, 3, 3, 4, 3, 4, 3, 4, 3, 3, 4, 3, 3, 3, 3, 4, 3, 3, 3], "总体严重程度 (1–9)": [4, 5, 4, 5, 4, 4, 5, 4, 5, 4, 4, 5, 4, 5, 4, 4, 5, 4, 4, 5] }
5.data = { "专家编号": list(range(1, 21)), "感染面积比例 (%)": [3, 5, 2, 4, 3, 2, 6, 3, 4, 2, 3, 5, 3, 4, 3, 2, 4, 3, 4, 3], "病斑密度 (1–10)": [1, 2, 1, 2, 1, 1, 2, 1, 2, 1, 1, 2, 1, 2, 1, 1, 2, 1, 1, 2], "孢子产生量 (1–5)": [1, 1, 1, 1, 1, 1, 2, 1, 1, 1, 1, 1, 1, 1, 1, 1, 1, 1, 1, 1], "颜色鲜艳度 (1–5)": [1, 2, 1, 1, 2, 1, 2, 1, 2, 1, 1, 2, 1, 1, 1, 1, 2, 1, 1, 1], "总体严重程度 (1–9)": [1, 2, 1, 2, 1, 1, 2, 1, 2, 1, 1, 2, 1, 2, 1, 1, 2, 1, 1, 2] }
6.data = { "专家编号": list(range(1, 21)), "感染面积比例 (%)": [15, 18, 13, 17, 16, 14, 20, 15, 17, 13, 16, 19, 15, 17, 16, 12, 18, 14, 16, 15], "病斑密度 (1–10)": [3, 3, 2, 3, 3, 3, 4, 3, 3, 2, 3, 4, 3, 3, 3, 2, 3, 3, 3, 3], "孢子产生量 (1–5)": [2, 2, 2, 2, 2, 2, 3, 2, 2, 2, 2, 3, 2, 2, 2, 2, 2, 2, 2, 2], "颜色鲜艳度 (1–5)": [2, 3, 2, 2, 3, 2, 3, 2, 3, 2, 2, 3, 2, 2, 2, 2, 3, 2, 2, 2], "总体严重程度 (1–9)": [3, 3, 2, 3, 3, 3, 4, 3, 3, 2, 3, 4, 3, 3, 3, 2, 3, 3, 3, 3] }
7.data = { "专家编号": list(range(1, 21)), "感染面积比例 (%)": [5, 8, 6, 7, 5, 6, 9, 7, 8, 5, 6, 8, 6, 7, 6, 4, 7, 5, 6, 7], "病斑密度 (1–10)": [2, 2, 1, 2, 2, 2, 3, 2, 2, 1, 2, 2, 2, 2, 2, 1, 2, 2, 2, 2], "孢子产生量 (1–5)": [1, 2, 1, 1, 1, 1, 2, 1, 2, 1, 1, 2, 1, 1, 1, 1, 2, 1, 1, 1], "颜色鲜艳度 (1–5)": [2, 2, 1, 2, 2, 2, 2, 2, 2, 1, 2, 2, 2, 2, 2, 1, 2, 2, 2, 2], "总体严重程度 (1–9)": [2, 2, 1, 2, 2, 2, 3, 2, 2, 1, 2, 2, 2, 2, 2, 1, 2, 2, 2, 2] }
8.data = { "专家编号": list(range(1, 21)), "感染面积比例 (%)": [35, 40, 32, 38, 36, 34, 42, 37, 39, 33, 36, 41, 35, 38, 37, 31, 39, 34, 37, 36], "病斑密度 (1–10)": [5, 6, 5, 6, 5, 5, 6, 5, 6, 5, 5, 6, 5, 6, 5, 5, 6, 5, 5, 6], "孢子产生量 (1–5)": [3, 3, 3, 4, 3, 3, 4, 3, 4, 3, 3, 4, 3, 3, 3, 3, 4, 3, 3, 3], "颜色鲜艳度 (1–5)": [3, 4, 3, 4, 3, 3, 4, 3, 4, 3, 3, 4, 3, 4, 3, 3, 4, 3, 3, 4], "总体严重程度 (1–9)": [5, 6, 5, 6, 5, 5, 6, 5, 6, 5, 5, 6, 5, 6, 5, 5, 6, 5, 5, 6] }
9.data = { "专家编号": list(range(1, 21)), "感染面积比例 (%)": [20, 25, 18, 23, 21, 19, 26, 22, 24, 18, 21, 25, 20, 23, 22, 17, 24, 19, 22, 21], "病斑密度 (1–10)": [3, 4, 3, 4, 3, 3, 4, 3, 4, 3, 3, 4, 3, 4, 3, 3, 4, 3, 3, 4], "孢子产生量 (1–5)": [2, 3, 2, 3, 2, 2, 3, 2, 3, 2, 2, 3, 2, 3, 2, 2, 3, 2, 2, 3], "颜色鲜艳度 (1–5)": [2, 3, 2, 2, 3, 2, 3, 2, 3, 2, 2, 3, 2, 2, 2, 2, 3, 2, 2, 2], "总体严重程度 (1–9)": [3, 4, 3, 4, 3, 3, 4, 3, 4, 3, 3, 4, 3, 4, 3, 3, 4, 3, 3, 4] }
10.data = { "专家编号": list(range(1, 21)), "感染面积比例 (%)": [10, 12, 8, 11, 10, 9, 13, 10, 12, 8, 10, 12, 9, 11, 10, 7, 11, 9, 10, 11], "病斑密度 (1–10)": [2, 3, 2, 2, 2, 2, 3, 2, 3, 2, 2, 3, 2, 2, 2, 2, 3, 2, 2, 2], "孢子产生量 (1–5)": [2, 2, 1, 2, 2, 2, 2, 2, 2, 1, 2, 2, 2, 2, 2, 1, 2, 2, 2, 2], "颜色鲜艳度 (1–5)": [2, 2, 2, 2, 2, 2, 3, 2, 2, 2, 2, 2, 2, 2, 2, 2, 2, 2, 2, 2], "总体严重程度 (1–9)": [2, 3, 2, 2, 2, 2, 3, 2, 3, 2, 2, 3, 2, 2, 2, 2, 3, 2, 2, 2] }
11.data = { "专家编号": list(range(1, 21)), "感染面积比例 (%)": [18, 22, 16, 20, 19, 17, 24, 19, 21, 16, 18, 23, 18, 20, 19, 15, 21, 17, 19, 20], "病斑密度 (1–10)": [3, 4, 3, 4, 3, 3, 4, 3, 4, 3, 3, 4, 3, 4, 3, 3, 4, 3, 3, 4], "孢子产生量 (1–5)": [2, 3, 2, 3, 2, 2, 3, 2, 3, 2, 2, 3, 2, 3, 2, 2, 3, 2, 2, 3], "颜色鲜艳度 (1–5)": [3, 3, 2, 3, 3, 3, 3, 3, 3, 2, 3, 3, 3, 3, 3, 2, 3, 3, 3, 3], "总体严重程度 (1–9)": [3, 4, 3, 4, 3, 3, 4, 3, 4, 3, 3, 4, 3, 4, 3, 3, 4, 3, 3, 4] }
12.data = { "专家编号": list(range(1, 21)), "感染面积比例 (%)": [28, 32, 26, 30, 29, 27, 34, 29, 31, 26, 28, 33, 28, 30, 29, 25, 31, 27, 29, 30], "病斑密度 (1–10)": [4, 5, 4, 5, 4, 4, 5, 4, 5, 4, 4, 5, 4, 5, 4, 4, 5, 4, 4, 5], "孢子产生量 (1–5)": [3, 3, 3, 3, 3, 3, 4, 3, 3, 3, 3, 3, 3, 3, 3, 3, 3, 3, 3, 3], "颜色鲜艳度 (1–5)": [3, 4, 3, 3, 4, 3, 4, 3, 4, 3, 3, 4, 3, 3, 3, 3, 4, 3, 3, 3], "总体严重程度 (1–9)": [4, 5, 4, 5, 4, 4, 5, 4, 5, 4, 4, 5, 4, 5, 4, 4, 5, 4, 4, 5] }
13.data = { "专家编号": list(range(1, 21)), "感染面积比例 (%)": [12, 15, 10, 14, 13, 11, 16, 13, 15, 10, 12, 15, 12, 14, 13, 9, 14, 11, 13, 14], "病斑密度 (1–10)": [2, 3, 2, 3, 2, 2, 3, 2, 3, 2, 2, 3, 2, 3, 2, 2, 3, 2, 2, 3], "孢子产生量 (1–5)": [2, 2, 2, 2, 2, 2, 2, 2, 2, 2, 2, 2, 2, 2, 2, 1, 2, 2, 2, 2], "颜色鲜艳度 (1–5)": [2, 2, 2, 2, 2, 2, 3, 2, 2, 2, 2, 2, 2, 2, 2, 2, 2, 2, 2, 2], "总体严重程度 (1–9)": [2, 3, 2, 3, 2, 2, 3, 2, 3, 2, 2, 3, 2, 3, 2, 2, 3, 2, 2, 3] }
14.data = { "专家编号": list(range(1, 21)), "感染面积比例 (%)": [40, 45, 38, 43, 41, 39, 47, 42, 44, 38, 40, 46, 40, 43, 42, 37, 44, 39, 42, 41], "病斑密度 (1–10)": [6, 7, 6, 6, 6, 6, 7, 6, 7, 6, 6, 7, 6, 6, 6, 5, 7, 6, 6, 6], "孢子产生量 (1–5)": [3, 4, 3, 4, 3, 3, 4, 3, 4, 3, 3, 4, 3, 4, 3, 3, 4, 3, 3, 4], "颜色鲜艳度 (1–5)": [4, 4, 3, 4, 4, 4, 4, 4, 4, 3, 4, 4, 4, 4, 4, 3, 4, 4, 4, 4], "总体严重程度 (1–9)": [6, 6, 5, 6, 6, 5, 7, 6, 6, 5, 6, 6, 6, 6, 6, 5, 6, 5, 6, 6] }
15.data = { "专家编号": [1, 2, 3, 4, 5, 6, 7, 8, 9, 10, 11, 12, 13, 14, 15, 16, 17, 18, 19, 20], "感染面积比例 (%)": [32, 35, 30, 33, 36, 29, 34, 31, 35, 28, 33, 30, 32, 35, 31, 34, 29, 32, 34, 30], "病斑密度 (1–10)": [5, 6, 5, 6, 6, 5, 6, 5, 6, 5, 6, 5, 5, 6, 5, 6, 5, 6, 6, 5], "孢子产生量 (1–5)": [3, 4, 3, 3, 4, 3, 4, 3, 4, 3, 4, 3, 3, 4, 3, 4, 3, 3, 4, 3], "颜色鲜艳度 (1–5)": [3, 4, 3, 4, 4, 3, 4, 3, 4, 3, 4, 3, 3, 4, 3, 4, 3, 3, 4, 3], "总体严重程度 (1–9)": [5, 6, 5, 5, 6, 4, 6, 5, 6, 4, 5, 5, 5, 6, 5, 6, 4, 5, 6, 5] }
16.data = { "专家编号": [1, 2, 3, 4, 5, 6, 7, 8, 9, 10, 11, 12, 13, 14, 15, 16, 17, 18, 19, 20], "感染面积比例 (%)": [15, 18, 12, 16, 19, 14, 17, 13, 18, 11, 16, 14, 17, 15, 19, 12, 16, 15, 18, 13], "病斑密度 (1–10)": [3, 4, 3, 3, 4, 3, 4, 2, 4, 2, 3, 3, 4, 3, 4, 2, 3, 3, 4, 3], "孢子产生量 (1–5)": [2, 3, 2, 2, 3, 2, 3, 2, 3, 1, 2, 2, 3, 2, 3, 1, 2, 2, 3, 2], "颜色鲜艳度 (1–5)": [2, 3, 2, 2, 3, 2, 3, 2, 3, 2, 2, 2, 3, 2, 3, 2, 2, 2, 3, 2], "总体严重程度 (1–9)": [3, 4, 2, 3, 4, 3, 4, 2, 4, 2, 3, 3, 4, 3, 4, 2, 3, 3, 4, 2] }
17.data = { "专家编号": [1, 2, 3, 4, 5, 6, 7, 8, 9, 10, 11, 12, 13, 14, 15, 16, 17, 18, 19, 20], "感染面积比例 (%)": [42, 45, 39, 43, 47, 40, 44, 41, 46, 38, 43, 41, 45, 42, 46, 39, 44, 41, 45, 40], "病斑密度 (1–10)": [6, 7, 6, 7, 7, 6, 7, 6, 7, 5, 6, 6, 7, 6, 7, 5, 6, 6, 7, 6], "孢子产生量 (1–5)": [3, 4, 3, 3, 4, 3, 4, 3, 4, 3, 3, 3, 4, 3, 4, 3, 3, 3, 4, 3], "颜色鲜艳度 (1–5)": [3, 4, 3, 4, 4, 3, 4, 3, 4, 3, 3, 3, 4, 3, 4, 3, 3, 3, 4, 3], "总体严重程度 (1–9)": [6, 7, 5, 6, 7, 5, 6, 6, 7, 5, 6, 5, 7, 6, 7, 5, 6, 5, 7, 6] }
18.data = { "专家编号": [1, 2, 3, 4, 5, 6, 7, 8, 9, 10, 11, 12, 13, 14, 15, 16, 17, 18, 19, 20], "感染面积比例 (%)": [8, 10, 6, 9, 11, 7, 10, 5, 9, 4, 8, 7, 10, 8, 11, 5, 9, 7, 10, 6], "病斑密度 (1–10)": [2, 3, 2, 2, 3, 2, 3, 1, 2, 1, 2, 2, 3, 2, 3, 1, 2, 2, 3, 2], "孢子产生量 (1–5)": [1, 2, 1, 1, 2, 1, 2, 1, 2, 1, 1, 1, 2, 1, 2, 1, 1, 1, 2, 1], "颜色鲜艳度 (1–5)": [1, 2, 1, 2, 2, 1, 2, 1, 2, 1, 1, 1, 2, 1, 2, 1, 1, 1, 2, 1], "总体严重程度 (1–9)": [2, 3, 1, 2, 3, 2, 3, 1, 2, 1, 2, 2, 3, 2, 3, 1, 2, 2, 3, 1] }
19.data = { "专家编号": [1, 2, 3, 4, 5, 6, 7, 8, 9, 10, 11, 12, 13, 14, 15, 16, 17, 18, 19, 20], "感染面积比例 (%)": [5, 7, 3, 6, 8, 4, 6, 2, 5, 3, 6, 4, 7, 5, 8, 3, 6, 4, 7, 3], "病斑密度 (1–10)": [2, 2, 1, 2, 3, 1, 2, 1, 2, 1, 2, 1, 2, 2, 3, 1, 2, 1, 2, 1], "孢子产生量 (1–5)": [1, 2, 1, 1, 2, 1, 1, 1, 1, 1, 1, 1, 2, 1, 2, 1, 1, 1, 2, 1], "颜色鲜艳度 (1–5)": [1, 2, 1, 1, 2, 1, 2, 1, 1, 1, 1, 1, 2, 1, 2, 1, 1, 1, 2, 1], "总体严重程度 (1–9)": [1, 2, 1, 2, 2, 1, 2, 1, 1, 1, 2, 1, 2, 1, 2, 1, 2, 1, 2, 1] }
20.data = { "专家编号": [1, 2, 3, 4, 5, 6, 7, 8, 9, 10, 11, 12, 13, 14, 15, 16, 17, 18, 19, 20], "感染面积比例 (%)": [38, 42, 35, 39, 43, 36, 40, 37, 42, 34, 39, 37, 41, 38, 43, 35, 40, 37, 42, 36], "病斑密度 (1–10)": [6, 7, 5, 6, 7, 5, 6, 6, 7, 5, 6, 5, 6, 6, 7, 5, 6, 5, 7, 5], "孢子产生量 (1–5)": [3, 4, 3, 3, 4, 3, 3, 3, 4, 2, 3, 3, 4, 3, 4, 2, 3, 3, 4, 3], "颜色鲜艳度 (1–5)": [3, 4, 3, 3, 4, 3, 4, 3, 4, 2, 3, 3, 4, 3, 4, 2, 3, 3, 4, 3], "总体严重程度 (1–9)": [5, 6, 5, 5, 6, 5, 6, 5, 6, 4, 5, 5, 6, 5, 6, 4, 5, 5, 6, 5] }
21.data = { "专家编号": [1, 2, 3, 4, 5, 6, 7, 8, 9, 10, 11, 12, 13, 14, 15, 16, 17, 18, 19, 20], "感染面积比例 (%)": [28, 32, 25, 29, 33, 26, 30, 27, 32, 24, 29, 27, 31, 28, 33, 25, 30, 27, 31, 26], "病斑密度 (1–10)": [5, 6, 4, 5, 6, 4, 5, 5, 6, 4, 5, 4, 5, 5, 6, 4, 5, 4, 6, 4], "孢子产生量 (1–5)": [3, 3, 2, 3, 4, 2, 3, 3, 3, 2, 3, 2, 3, 3, 4, 2, 3, 2, 3, 2], "颜色鲜艳度 (1–5)": [3, 3, 2, 3, 4, 2, 3, 3, 3, 2, 3, 2, 3, 3, 4, 2, 3, 2, 3, 2], "总体严重程度 (1–9)": [4, 5, 4, 4, 5, 4, 5, 4, 5, 3, 4, 4, 5, 4, 5, 3, 4, 4, 5, 4] }
22.data = { "专家编号": [1, 2, 3, 4, 5, 6, 7, 8, 9, 10, 11, 12, 13, 14, 15, 16, 17, 18, 19, 20], "感染面积比例 (%)": [2, 3, 1, 2, 4, 1, 3, 0, 2, 0, 2, 1, 3, 2, 4, 0, 2, 1, 3, 1], "病斑密度 (1–10)": [1, 1, 1, 1, 2, 1, 1, 0, 1, 0, 1, 1, 1, 1, 2, 0, 1, 1, 1, 1], "孢子产生量 (1–5)": [0, 1, 0, 0, 1, 0, 1, 0, 0, 0, 0, 0, 1, 0, 1, 0, 0, 0, 1, 0], "颜色鲜艳度 (1–5)": [0, 1, 0, 0, 1, 0, 1, 0, 0, 0, 0, 0, 1, 0, 1, 0, 0, 0, 1, 0], "总体严重程度 (1–9)": [1, 1, 1, 1, 2, 1, 1, 0, 1, 0, 1, 1, 1, 1, 2, 0, 1, 1, 1, 1] }
23.data = { "专家编号": [1, 2, 3, 4, 5, 6, 7, 8, 9, 10, 11, 12, 13, 14, 15, 16, 17, 18, 19, 20], "感染面积比例 (%)": [12, 15, 10, 13, 16, 11, 14, 9, 13, 8, 12, 10, 14, 12, 16, 9, 13, 11, 15, 10], "病斑密度 (1–10)": [3, 4, 2, 3, 4, 2, 3, 2, 3, 2, 3, 2, 3, 3, 4, 2, 3, 2, 4, 2], "孢子产生量 (1–5)": [2, 2, 1, 2, 3, 1, 2, 1, 2, 1, 2, 1, 2, 2, 3, 1, 2, 1, 2, 1], "颜色鲜艳度 (1–5)": [2, 3, 2, 2, 3, 2, 3, 1, 2, 1, 2, 2, 3, 2, 3, 1, 2, 2, 3, 2], "总体严重程度 (1–9)": [3, 4, 2, 3, 4, 2, 3, 2, 3, 2, 3, 2, 3, 3, 4, 2, 3, 2, 4, 2] }
24.data = { "专家编号": [1, 2, 3, 4, 5, 6, 7, 8, 9, 10, 11, 12, 13, 14, 15, 16, 17, 18, 19, 20], "感染面积比例 (%)": [52, 55, 48, 53, 57, 49, 54, 50, 56, 47, 53, 50, 55, 52, 57, 48, 54, 51, 56, 49], "病斑密度 (1–10)": [7, 8, 6, 7, 8, 6, 7, 7, 8, 6, 7, 6, 8, 7, 8, 6, 7, 7, 8, 6], "孢子产生量 (1–5)": [4, 4, 3, 4, 5, 3, 4, 4, 5, 3, 4, 3, 4, 4, 5, 3, 4, 4, 5, 3], "颜色鲜艳度 (1–5)": [4, 5, 3, 4, 5, 3, 4, 4, 5, 3, 4, 4, 5, 4, 5, 3, 4, 4, 5, 3], "总体严重程度 (1–9)": [7, 7, 6, 7, 8, 6, 7, 6, 8, 6, 7, 6, 7, 7, 8, 6, 7, 6, 8, 6] }
25.data = { "专家编号": [1, 2, 3, 4, 5, 6, 7, 8, 9, 10, 11, 12, 13, 14, 15, 16, 17, 18, 19, 20], "感染面积比例 (%)": [10, 12, 8, 11, 13, 9, 12, 7, 11, 6, 10, 8, 12, 10, 13, 7, 11, 9, 12, 8], "病斑密度 (1–10)": [2, 3, 2, 2, 3, 2, 3, 1, 2, 1, 2, 2, 3, 2, 3, 1, 2, 2, 3, 2], "孢子产生量 (1–5)": [1, 2, 1, 1, 2, 1, 2, 1, 2, 1, 1, 1, 2, 1, 2, 1, 1, 1, 2, 1], "颜色鲜艳度 (1–5)": [2, 2, 1, 2, 2, 1, 2, 1, 2, 1, 2, 1, 2, 2, 2, 1, 2, 1, 2, 1], "总体严重程度 (1–9)": [2, 3, 2, 2, 3, 2, 3, 1, 2, 1, 2, 2, 3, 2, 3, 1, 2, 2, 3, 2] }
26.data = { "专家编号": [1, 2, 3, 4, 5, 6, 7, 8, 9, 10, 11, 12, 13, 14, 15, 16, 17, 18, 19, 20], "感染面积比例 (%)": [5, 3, 6, 4, 2, 7, 5, 3, 6, 4, 3, 6, 5, 4, 7, 3, 5, 6, 4, 3], "病斑密度 (1–10)": [2, 1, 3, 2, 1, 3, 2, 1, 2, 2, 1, 3, 2, 2, 3, 1, 2, 2, 2, 1], "孢子产生量 (1–5)": [2, 1, 2, 2, 1, 2, 1, 1, 2, 1, 1, 2, 1, 2, 2, 1, 1, 2, 1, 1], "颜色鲜艳度 (1–5)": [2, 2, 3, 2, 1, 3, 2, 1, 2, 2, 1, 3, 2, 2, 3, 1, 2, 2, 2, 1], "总体严重程度 (1–9)": [2, 1, 3, 2, 1, 3, 2, 1, 2, 2, 1, 3, 2, 2, 3, 1, 2, 2, 2, 1] }
27.data = { "专家编号": [1, 2, 3, 4, 5, 6, 7, 8, 9, 10, 11, 12, 13, 14, 15, 16, 17, 18, 19, 20], "感染面积比例 (%)": [4, 3, 5, 4, 2, 6, 4, 3, 5, 4, 2, 5, 4, 3, 6, 2, 4, 5, 3, 2], "病斑密度 (1–10)": [2, 1, 2, 2, 1, 3, 2, 1, 2, 2, 1, 2, 2, 1, 3, 1, 2, 2, 1, 1], "孢子产生量 (1–5)": [2, 1, 2, 1, 1, 2, 1, 1, 2, 1, 1, 2, 1, 1, 2, 1, 1, 2, 1, 1], "颜色鲜艳度 (1–5)": [2, 2, 3, 2, 1, 3, 2, 1, 2, 2, 1, 2, 2, 1, 3, 1, 2, 2, 1, 1], "总体严重程度 (1–9)": [2, 1, 2, 2, 1, 3, 2, 1, 2, 2, 1, 2, 2, 1, 3, 1, 2, 2, 1, 1] }
28.data = { "专家编号": [1, 2, 3, 4, 5, 6, 7, 8, 9, 10, 11, 12, 13, 14, 15, 16, 17, 18, 19, 20], "感染面积比例 (%)": [10, 8, 12, 9, 7, 13, 10, 8, 11, 9, 7, 12, 10, 9, 13, 8, 10, 11, 9, 8], "病斑密度 (1–10)": [3, 2, 4, 3, 2, 4, 3, 2, 3, 3, 2, 4, 3, 3, 4, 2, 3, 3, 3, 2], "孢子产生量 (1–5)": [2, 2, 3, 2, 1, 3, 2, 2, 3, 2, 1, 3, 2, 2, 3, 2, 2, 3, 2, 2], "颜色鲜艳度 (1–5)": [3, 2, 3, 3, 2, 4, 3, 2, 3, 3, 2, 3, 3, 2, 4, 2, 3, 3, 3, 2], "总体严重程度 (1–9)": [3, 2, 4, 3, 2, 4, 3, 2, 3, 3, 2, 4, 3, 3, 4, 2, 3, 3, 3, 2] }
29.data = { "专家编号": [1, 2, 3, 4, 5, 6, 7, 8, 9, 10, 11, 12, 13, 14, 15, 16, 17, 18, 19, 20], "感染面积比例 (%)": [18, 15, 20, 17, 14, 22, 18, 16, 19, 17, 15, 21, 18, 17, 22, 15, 18, 20, 17, 16], "病斑密度 (1–10)": [5, 4, 6, 5, 4, 6, 5, 4, 5, 5, 4, 6, 5, 5, 6, 4, 5, 5, 5, 4], "孢子产生量 (1–5)": [3, 2, 3, 3, 2, 4, 3, 2, 3, 3, 2, 3, 3, 3, 4, 2, 3, 3, 3, 2], "颜色鲜艳度 (1–5)": [4, 3, 4, 3, 3, 4, 3, 3, 4, 3, 3, 4, 3, 3, 4, 3, 3, 4, 3, 3], "总体严重程度 (1–9)": [4, 3, 5, 4, 3, 5, 4, 3, 4, 4, 3, 5, 4, 4, 5, 3, 4, 4, 4, 3] }
30.data = { "专家编号": [1, 2, 3, 4, 5, 6, 7, 8, 9, 10, 11, 12, 13, 14, 15, 16, 17, 18, 19, 20], "感染面积比例 (%)": [15, 12, 17, 14, 11, 18, 15, 13, 16, 14, 12, 17, 15, 14, 18, 12, 15, 16, 14, 13], "病斑密度 (1–10)": [4, 3, 5, 4, 3, 5, 4, 3, 4, 4, 3, 5, 4, 4, 5, 3, 4, 4, 4, 3], "孢子产生量 (1–5)": [3, 2, 3, 2, 2, 3, 3, 2, 3, 2, 2, 3, 3, 2, 3, 2, 3, 3, 2, 2], "颜色鲜艳度 (1–5)": [3, 3, 4, 3, 2, 4, 3, 2, 3, 3, 2, 4, 3, 3, 4, 2, 3, 3, 3, 2], "总体严重程度 (1–9)": [4, 3, 4, 3, 2, 5, 4, 3, 4, 3, 3, 4, 4, 3, 5, 3, 4, 4, 3, 3] }
31.data = { "专家编号": [1, 2, 3, 4, 5, 6, 7, 8, 9, 10, 11, 12, 13, 14, 15, 16, 17, 18, 19, 20], "感染面积比例 (%)": [8, 6, 10, 7, 5, 11, 8, 6, 9, 7, 5, 10, 8, 7, 11, 6, 8, 9, 7, 6], "病斑密度 (1–10)": [3, 2, 4, 3, 2, 4, 3, 2, 3, 3, 2, 4, 3, 3, 4, 2, 3, 3, 3, 2], "孢子产生量 (1–5)": [2, 1, 2, 2, 1, 3, 2, 1, 2, 2, 1, 2, 2, 2, 3, 1, 2, 2, 2, 1], "颜色鲜艳度 (1–5)": [3, 2, 3, 2, 2, 3, 2, 2, 3, 2, 2, 3, 2, 2, 3, 2, 2, 3, 2, 2], "总体严重程度 (1–9)": [3, 2, 3, 2, 2, 4, 3, 2, 3, 2, 2, 3, 3, 2, 4, 2, 3, 3, 2, 2] }
32.data = { "专家编号": [1, 2, 3, 4, 5, 6, 7, 8, 9, 10, 11, 12, 13, 14, 15, 16, 17, 18, 19, 20], "感染面积比例 (%)": [3, 1, 4, 2, 1, 5, 3, 1, 4, 2, 1, 4, 3, 2, 5, 1, 3, 4, 2, 1], "病斑密度 (1–10)": [2, 1, 2, 1, 1, 2, 2, 1, 2, 1, 1, 2, 2, 1, 2, 1, 2, 2, 1, 1], "孢子产生量 (1–5)": [1, 1, 2, 1, 1, 2, 1, 1, 2, 1, 1, 2, 1, 1, 2, 1, 1, 2, 1, 1], "颜色鲜艳度 (1–5)": [2, 1, 2, 1, 1, 2, 2, 1, 2, 1, 1, 2, 2, 1, 2, 1, 2, 2, 1, 1], "总体严重程度 (1–9)": [1, 1, 2, 1, 1, 2, 1, 1, 2, 1, 1, 2, 1, 1, 2, 1, 1, 2, 1, 1] }
33.data = { "专家编号": [1, 2, 3, 4, 5, 6, 7, 8, 9, 10, 11, 12, 13, 14, 15, 16, 17, 18, 19, 20], "感染面积比例 (%)": [12, 10, 14, 11, 9, 15, 12, 10, 13, 11, 9, 14, 12, 11, 15, 10, 12, 13, 11, 10], "病斑密度 (1–10)": [4, 3, 5, 4, 3, 5, 4, 3, 4, 4, 3, 5, 4, 4, 5, 3, 4, 4, 4, 3], "孢子产生量 (1–5)": [2, 2, 3, 2, 1, 3, 2, 2, 3, 2, 1, 3, 2, 2, 3, 2, 2, 3, 2, 2], "颜色鲜艳度 (1–5)": [3, 2, 3, 3, 2, 3, 3, 2, 3, 3, 2, 3, 3, 2, 3, 2, 3, 3, 3, 2], "总体严重程度 (1–9)": [3, 2, 4, 3, 2, 4, 3, 2, 3, 3, 2, 4, 3, 3, 4, 2, 3, 3, 3, 2] }
34.data = { "专家编号": [1, 2, 3, 4, 5, 6, 7, 8, 9, 10, 11, 12, 13, 14, 15, 16, 17, 18, 19, 20], "感染面积比例 (%)": [7, 5, 9, 6, 4, 10, 7, 5, 8, 6, 4, 9, 7, 6, 10, 5, 7, 8, 6, 5], "病斑密度 (1–10)": [3, 2, 4, 3, 2, 4, 3, 2, 3, 3, 2, 4, 3, 3, 4, 2, 3, 3, 3, 2], "孢子产生量 (1–5)": [2, 1, 2, 2, 1, 3, 2, 1, 2, 2, 1, 2, 2, 2, 3, 1, 2, 2, 2, 1], "颜色鲜艳度 (1–5)": [2, 2, 3, 2, 1, 3, 2, 2, 3, 2, 1, 3, 2, 2, 3, 2, 2, 3, 2, 2], "总体严重程度 (1–9)": [2, 2, 3, 2, 1, 3, 2, 2, 3, 2, 1, 3, 2, 2, 3, 2, 2, 3, 2, 2] }
35.data = { "专家编号": [1, 2, 3, 4, 5, 6, 7, 8, 9, 10, 11, 12, 13, 14, 15, 16, 17, 18, 19, 20], "感染面积比例 (%)": [2, 1, 3, 2, 1, 4, 2, 1, 3, 2, 1, 3, 2, 2, 4, 1, 2, 3, 2, 1], "病斑密度 (1–10)": [1, 1, 2, 1, 1, 2, 1, 1, 2, 1, 1, 2, 1, 1, 2, 1, 1, 2, 1, 1], "孢子产生量 (1–5)": [1, 1, 2, 1, 1, 2, 1, 1, 1, 1, 1, 2, 1, 1, 2, 1, 1, 1, 1, 1], "颜色鲜艳度 (1–5)": [2, 1, 2, 1, 1, 2, 1, 1, 2, 1, 1, 2, 1, 1, 2, 1, 1, 2, 1, 1], "总体严重程度 (1–9)": [1, 1, 2, 1, 1, 2, 1, 1, 2, 1, 1, 2, 1, 1, 2, 1, 1, 2, 1, 1] }
36.data = { "专家编号": [1, 2, 3, 4, 5, 6, 7, 8, 9, 10, 11, 12, 13, 14, 15, 16, 17, 18, 19, 20], "感染面积比例 (%)": [16, 13, 18, 15, 12, 19, 16, 14, 17, 15, 13, 18, 16, 15, 19, 13, 16, 17, 15, 14], "病斑密度 (1–10)": [5, 4, 6, 5, 4, 6, 5, 4, 5, 5, 4, 6, 5, 5, 6, 4, 5, 5, 5, 4], "孢子产生量 (1–5)": [3, 2, 3, 3, 2, 4, 3, 2, 3, 3, 2, 3, 3, 3, 4, 2, 3, 3, 3, 2], "颜色鲜艳度 (1–5)": [4, 3, 4, 3, 3, 4, 3, 3, 4, 3, 3, 4, 3, 3, 4, 3, 3, 4, 3, 3], "总体严重程度 (1–9)": [4, 3, 5, 4, 3, 5, 4, 3, 4, 4, 3, 5, 4, 4, 5, 3, 4, 4, 4, 3] }
37.data = { "专家编号": [1, 2, 3, 4, 5, 6, 7, 8, 9, 10, 11, 12, 13, 14, 15, 16, 17, 18, 19, 20], "感染面积比例 (%)": [9, 7, 11, 8, 6, 12, 9, 7, 10, 8, 6, 11, 9, 8, 12, 7, 9, 10, 8, 7], "病斑密度 (1–10)": [3, 2, 4, 3, 2, 4, 3, 2, 3, 3, 2, 4, 3, 3, 4, 2, 3, 3, 3, 2], "孢子产生量 (1–5)": [2, 1, 3, 2, 1, 3, 2, 1, 2, 2, 1, 3, 2, 2, 3, 1, 2, 2, 2, 1], "颜色鲜艳度 (1–5)": [3, 2, 3, 3, 2, 3, 3, 2, 3, 3, 2, 3, 3, 2, 3, 2, 3, 3, 3, 2], "总体严重程度 (1–9)": [3, 2, 3, 3, 2, 4, 3, 2, 3, 3, 2, 3, 3, 3, 4, 2, 3, 3, 3, 2] }
38.data = { "专家编号": [1, 2, 3, 4, 5, 6, 7, 8, 9, 10, 11, 12, 13, 14, 15, 16, 17, 18, 19, 20], "感染面积比例 (%)": [17, 14, 19, 16, 13, 20, 17, 15, 18, 16, 14, 19, 17, 16, 20, 14, 17, 18, 16, 15], "病斑密度 (1–10)": [5, 4, 6, 5, 4, 6, 5, 4, 5, 5, 4, 6, 5, 5, 6, 4, 5, 5, 5, 4], "孢子产生量 (1–5)": [3, 2, 3, 3, 2, 4, 3, 2, 3, 3, 2, 3, 3, 3, 4, 2, 3, 3, 3, 2], "颜色鲜艳度 (1–5)": [4, 3, 4, 3, 3, 4, 4, 3, 4, 3, 3, 4, 4, 3, 4, 3, 4, 4, 3, 3], "总体严重程度 (1–9)": [4, 3, 5, 4, 3, 5, 4, 3, 4, 4, 3, 5, 4, 4, 5, 3, 4, 4, 4, 3] }
39.data = { "专家编号": [1, 2, 3, 4, 5, 6, 7, 8, 9, 10, 11, 12, 13, 14, 15, 16, 17, 18, 19, 20], "感染面积比例 (%)": [11, 9, 13, 10, 8, 14, 11, 9, 12, 10, 8, 13, 11, 10, 14, 9, 11, 12, 10, 9], "病斑密度 (1–10)": [4, 3, 5, 4, 3, 5, 4, 3, 4, 4, 3, 5, 4, 4, 5, 3, 4, 4, 4, 3], "孢子产生量 (1–5)": [2, 2, 3, 2, 1, 3, 2, 2, 3, 2, 1, 3, 2, 2, 3, 2, 2, 3, 2, 2], "颜色鲜艳度 (1–5)": [3, 2, 3, 3, 2, 3, 3, 2, 3, 3, 2, 3, 3, 2, 3, 2, 3, 3, 3, 2], "总体严重程度 (1–9)": [3, 2, 4, 3, 2, 4, 3, 2, 3, 3, 2, 4, 3, 3, 4, 2, 3, 3, 3, 2] }
40.data = { "专家编号": [1, 2, 3, 4, 5, 6, 7, 8, 9, 10, 11, 12, 13, 14, 15, 16, 17, 18, 19, 20], "感染面积比例 (%)": [14, 12, 16, 13, 11, 17, 14, 12, 15, 13, 11, 16, 14, 13, 17, 12, 14, 15, 13, 12], "病斑密度 (1–10)": [4, 3, 5, 4, 3, 5, 4, 3, 4, 4, 3, 5, 4, 4, 5, 3, 4, 4, 4, 3], "孢子产生量 (1–5)": [3, 2, 3, 2, 2, 3, 3, 2, 3, 2, 2, 3, 3, 2, 3, 2, 3, 3, 2, 2], "颜色鲜艳度 (1–5)": [3, 3, 4, 3, 2, 4, 3, 3, 4, 3, 2, 4, 3, 3, 4, 3, 3, 4, 3, 3], "总体严重程度 (1–9)": [4, 3, 4, 3, 3, 5, 4, 3, 4, 3, 3, 4, 4, 3, 5, 3, 4, 4, 3, 3] }
41.data = { "专家编号": [1, 2, 3, 4, 5, 6, 7, 8, 9, 10, 11, 12, 13, 14, 15, 16, 17, 18, 19, 20], "感染面积比例 (%)": [10, 8, 12, 9, 7, 13, 10, 8, 11, 9, 7, 12, 10, 9, 13, 8, 10, 11, 9, 8], "病斑密度 (1–10)": [3, 2, 4, 3, 2, 4, 3, 2, 3, 3, 2, 4, 3, 3, 4, 2, 3, 3, 3, 2], "孢子产生量 (1–5)": [2, 1, 3, 2, 1, 3, 2, 1, 2, 2, 1, 3, 2, 2, 3, 1, 2, 2, 2, 1], "颜色鲜艳度 (1–5)": [3, 2, 3, 2, 2, 3, 3, 2, 3, 2, 2, 3, 3, 2, 3, 2, 3, 3, 2, 2], "总体严重程度 (1–9)": [3, 2, 3, 3, 2, 4, 3, 2, 3, 3, 2, 3, 3, 3, 4, 2, 3, 3, 3, 2] }
42.data = { "专家编号": [1, 2, 3, 4, 5, 6, 7, 8, 9, 10, 11, 12, 13, 14, 15, 16, 17, 18, 19, 20], "感染面积比例 (%)": [20, 17, 22, 19, 16, 23, 20, 18, 21, 19, 17, 22, 20, 19, 23, 17, 20, 21, 19, 18], "病斑密度 (1–10)": [5, 4, 6, 5, 4, 6, 5, 4, 5, 5, 4, 6, 5, 5, 6, 4, 5, 5, 5, 4], "孢子产生量 (1–5)": [3, 2, 4, 3, 2, 4, 3, 2, 3, 3, 2, 4, 3, 3, 4, 2, 3, 3, 3, 2], "颜色鲜艳度 (1–5)": [4, 3, 4, 4, 3, 4, 4, 3, 4, 4, 3, 4, 4, 3, 4, 3, 4, 4, 4, 3], "总体严重程度 (1–9)": [5, 4, 6, 5, 4, 6, 5, 4, 5, 5, 4, 6, 5, 5, 6, 4, 5, 5, 5, 4] }
43.data = { "专家编号": [1, 2, 3, 4, 5, 6, 7, 8, 9, 10, 11, 12, 13, 14, 15, 16, 17, 18, 19, 20], "感染面积比例 (%)": [16, 14, 18, 15, 13, 19, 16, 14, 17, 15, 13, 18, 16, 15, 19, 14, 16, 17, 15, 14], "病斑密度 (1–10)": [5, 4, 6, 5, 4, 6, 5, 4, 5, 5, 4, 6, 5, 5, 6, 4, 5, 5, 5, 4], "孢子产生量 (1–5)": [3, 2, 3, 3, 2, 4, 3, 2, 3, 3, 2, 3, 3, 3, 4, 2, 3, 3, 3, 2], "颜色鲜艳度 (1–5)": [4, 3, 4, 3, 3, 4, 3, 3, 4, 3, 3, 4, 3, 3, 4, 3, 3, 4, 3, 3], "总体严重程度 (1–9)": [4, 3, 5, 4, 3, 5, 4, 3, 4, 4, 3, 5, 4, 4, 5, 3, 4, 4, 4, 3] }
44.data = { "专家编号": [1, 2, 3, 4, 5, 6, 7, 8, 9, 10, 11, 12, 13, 14, 15, 16, 17, 18, 19, 20], "感染面积比例 (%)": [13, 11, 15, 12, 10, 16, 13, 11, 14, 12, 10, 15, 13, 12, 16, 11, 13, 14, 12, 11], "病斑密度 (1–10)": [4, 3, 5, 4, 3, 5, 4, 3, 4, 4, 3, 5, 4, 4, 5, 3, 4, 4, 4, 3], "孢子产生量 (1–5)": [3, 2, 3, 3, 2, 3, 3, 2, 3, 3, 2, 3, 3, 3, 3, 2, 3, 3, 3, 2], "颜色鲜艳度 (1–5)": [4, 3, 4, 3, 3, 4, 3, 3, 4, 3, 3, 4, 3, 3, 4, 3, 3, 4, 3, 3], "总体严重程度 (1–9)": [4, 3, 4, 4, 3, 5, 4, 3, 4, 4, 3, 4, 4, 4, 5, 3, 4, 4, 4, 3] }
45.data = { "专家编号": [1, 2, 3, 4, 5, 6, 7, 8, 9, 10, 11, 12, 13, 14, 15, 16, 17, 18, 19, 20], "感染面积比例 (%)": [7, 5, 9, 6, 4, 10, 7, 5, 8, 6, 4, 9, 7, 6, 10, 5, 7, 8, 6, 5], "病斑密度 (1–10)": [3, 2, 4, 3, 2, 4, 3, 2, 3, 3, 2, 4, 3, 3, 4, 2, 3, 3, 3, 2], "孢子产生量 (1–5)": [2, 1, 2, 2, 1, 3, 2, 1, 2, 2, 1, 2, 2, 2, 3, 1, 2, 2, 2, 1], "颜色鲜艳度 (1–5)": [2, 2, 3, 2, 1, 3, 2, 2, 3, 2, 1, 3, 2, 2, 3, 2, 2, 3, 2, 2], "总体严重程度 (1–9)": [2, 2, 3, 2, 1, 3, 2, 2, 3, 2, 1, 3, 2, 2, 3, 2, 2, 3, 2, 2] }
46.data = { "专家编号": [1, 2, 3, 4, 5, 6, 7, 8, 9, 10, 11, 12, 13, 14, 15, 16, 17, 18, 19, 20], "感染面积比例 (%)": [6, 4, 8, 5, 3, 9, 6, 4, 7, 5, 3, 8, 6, 5, 9, 4, 6, 7, 5, 4], "病斑密度 (1–10)": [3, 2, 3, 2, 1, 4, 3, 2, 3, 2, 1, 3, 3, 2, 4, 2, 3, 3, 2, 2], "孢子产生量 (1–5)": [2, 1, 2, 1, 1, 2, 2, 1, 2, 1, 1, 2, 2, 1, 2, 1, 2, 2, 1, 1], "颜色鲜艳度 (1–5)": [2, 2, 3, 2, 1, 3, 2, 2, 3, 2, 1, 3, 2, 2, 3, 2, 2, 3, 2, 2], "总体严重程度 (1–9)": [2, 1, 3, 2, 1, 3, 2, 1, 2, 2, 1, 3, 2, 2, 3, 1, 2, 2, 2, 1] }
47.data = { "专家编号": [1, 2, 3, 4, 5, 6, 7, 8, 9, 10, 11, 12, 13, 14, 15, 16, 17, 18, 19, 20], "感染面积比例 (%)": [4, 2, 5, 3, 1, 6, 4, 2, 5, 3, 1, 5, 4, 3, 6, 2, 4, 5, 3, 2], "病斑密度 (1–10)": [2, 1, 2, 1, 1, 3, 2, 1, 2, 1, 1, 2, 2, 1, 3, 1, 2, 2, 1, 1], "孢子产生量 (1–5)": [1, 1, 2, 1, 1, 2, 1, 1, 2, 1, 1, 2, 1, 1, 2, 1, 1, 2, 1, 1], "颜色鲜艳度 (1–5)": [2, 1, 2, 1, 1, 2, 2, 1, 2, 1, 1, 2, 2, 1, 2, 1, 2, 2, 1, 1], "总体严重程度 (1–9)": [1, 1, 2, 1, 1, 2, 1, 1, 2, 1, 1, 2, 1, 1, 2, 1, 1, 2, 1, 1] }
48.data = { "专家编号": [1, 2, 3, 4, 5, 6, 7, 8, 9, 10, 11, 12, 13, 14, 15, 16, 17, 18, 19, 20], "感染面积比例 (%)": [15, 13, 17, 14, 12, 18, 15, 13, 16, 14, 12, 17, 15, 14, 18, 13, 15, 16, 14, 13], "病斑密度 (1–10)": [4, 3, 5, 4, 3, 5, 4, 3, 4, 4, 3, 5, 4, 4, 5, 3, 4, 4, 4, 3], "孢子产生量 (1–5)": [3, 2, 3, 2, 2, 3, 3, 2, 3, 2, 2, 3, 3, 2, 3, 2, 3, 3, 2, 2], "颜色鲜艳度 (1–5)": [4, 3, 4, 3, 3, 4, 3, 3, 4, 3, 3, 4, 3, 3, 4, 3, 3, 4, 3, 3], "总体严重程度 (1–9)": [4, 3, 5, 4, 3, 5, 4, 3, 4, 4, 3, 5, 4, 4, 5, 3, 4, 4, 4, 3] }
49.data = { "专家编号": [1, 2, 3, 4, 5, 6, 7, 8, 9, 10, 11, 12, 13, 14, 15, 16, 17, 18, 19, 20], "感染面积比例 (%)": [28, 25, 30, 27, 24, 32, 28, 26, 29, 27, 25, 31, 28, 27, 32, 25, 28, 29, 27, 26], "病斑密度 (1–10)": [6, 5, 7, 6, 5, 7, 6, 5, 6, 6, 5, 7, 6, 6, 7, 5, 6, 6, 6, 5], "孢子产生量 (1–5)": [4, 3, 4, 3, 3, 4, 4, 3, 4, 3, 3, 4, 4, 3, 4, 3, 4, 4, 3, 3], "颜色鲜艳度 (1–5)": [4, 3, 4, 4, 3, 4, 4, 3, 4, 4, 3, 4, 4, 3, 4, 3, 4, 4, 4, 3], "总体严重程度 (1–9)": [6, 5, 7, 6, 5, 7, 6, 5, 6, 6, 5, 7, 6, 6, 7, 5, 6, 6, 6, 5] }
50.data = { "专家编号": [1, 2, 3, 4, 5, 6, 7, 8, 9, 10, 11, 12, 13, 14, 15, 16, 17, 18, 19, 20], "感染面积比例 (%)": [3, 1, 4, 2, 1, 5, 3, 1, 4, 2, 1, 4, 3, 2, 5, 1, 3, 4, 2, 1], "病斑密度 (1–10)": [2, 1, 2, 1, 1, 2, 2, 1, 2, 1, 1, 2, 2, 1, 2, 1, 2, 2, 1, 1], "孢子产生量 (1–5)": [1, 1, 2, 1, 1, 2, 1, 1, 2, 1, 1, 2, 1, 1, 2, 1, 1, 2, 1, 1], "颜色鲜艳度 (1–5)": [2, 1, 2, 1, 1, 2, 2, 1, 2, 1, 1, 2, 2, 1, 2, 1, 2, 2, 1, 1], "总体严重程度 (1–9)": [1, 1, 2, 1, 1, 2, 1, 1, 2, 1, 1, 2, 1, 1, 2, 1, 1, 2, 1, 1] }
51.data = { "专家编号": [1, 2, 3, 4, 5, 6, 7, 8, 9, 10, 11, 12, 13, 14, 15, 16, 17, 18, 19, 20], "感染面积比例 (%)": [35, 38, 32, 36, 40, 34, 37, 33, 39, 35, 36, 38, 34, 37, 32, 39, 35, 36, 38, 33], "病斑密度 (1–10)": [7, 8, 6, 7, 8, 7, 7, 6, 8, 7, 7, 8, 6, 7, 6, 8, 7, 7, 8, 6], "孢子产生量 (1–5)": [3, 4, 3, 3, 4, 3, 3, 3, 4, 3, 3, 4, 3, 3, 3, 4, 3, 3, 4, 3], "颜色鲜艳度 (1–5)": [4, 4, 3, 4, 4, 3, 4, 3, 4, 4, 4, 4, 3, 4, 3, 4, 4, 4, 4, 3], "总体严重程度 (1–9)": [6, 7, 5, 6, 7, 6, 6, 5, 7, 6, 6, 7, 5, 6, 5, 7, 6, 6, 7, 5] }
52.data = { "专家编号": [1, 2, 3, 4, 5, 6, 7, 8, 9, 10, 11, 12, 13, 14, 15, 16, 17, 18, 19, 20], "感染面积比例 (%)": [65, 68, 62, 70, 67, 64, 69, 63, 72, 66, 68, 71, 64, 69, 62, 70, 65, 67, 72, 63], "病斑密度 (1–10)": [8, 9, 8, 9, 8, 8, 9, 7, 9, 8, 8, 9, 8, 9, 7, 9, 8, 8, 9, 7], "孢子产生量 (1–5)": [4, 5, 4, 5, 4, 4, 5, 4, 5, 4, 4, 5, 4, 4, 4, 5, 4, 4, 5, 4], "颜色鲜艳度 (1–5)": [4, 5, 4, 5, 4, 4, 5, 4, 5, 4, 4, 5, 4, 5, 4, 5, 4, 4, 5, 4], "总体严重程度 (1–9)": [7, 8, 7, 8, 7, 7, 8, 7, 9, 7, 8, 8, 7, 8, 7, 8, 7, 7, 9, 7] }
53.data = { "专家编号": [1, 2, 3, 4, 5, 6, 7, 8, 9, 10, 11, 12, 13, 14, 15, 16, 17, 18, 19, 20], "感染面积比例 (%)": [25, 28, 22, 26, 30, 24, 27, 23, 29, 25, 26, 28, 24, 27, 22, 29, 25, 26, 28, 23], "病斑密度 (1–10)": [5, 6, 4, 5, 6, 5, 5, 4, 6, 5, 5, 6, 4, 5, 4, 6, 5, 5, 6, 4], "孢子产生量 (1–5)": [3, 3, 2, 3, 3, 2, 3, 2, 3, 3, 3, 3, 2, 3, 2, 3, 3, 3, 3, 2], "颜色鲜艳度 (1–5)": [4, 4, 3, 4, 4, 3, 4, 3, 4, 4, 4, 4, 3, 4, 3, 4, 4, 4, 4, 3], "总体严重程度 (1–9)": [4, 5, 3, 4, 5, 4, 4, 3, 5, 4, 4, 5, 3, 4, 3, 5, 4, 4, 5, 3] }
54.data = { "专家编号": [1, 2, 3, 4, 5, 6, 7, 8, 9, 10, 11, 12, 13, 14, 15, 16, 17, 18, 19, 20], "感染面积比例 (%)": [18, 20, 16, 19, 22, 17, 19, 15, 21, 18, 19, 20, 17, 19, 16, 21, 18, 19, 20, 16], "病斑密度 (1–10)": [4, 5, 3, 4, 5, 4, 4, 3, 5, 4, 4, 5, 3, 4, 3, 5, 4, 4, 5, 3], "孢子产生量 (1–5)": [2, 3, 2, 2, 3, 2, 2, 2, 3, 2, 2, 3, 2, 2, 2, 3, 2, 2, 3, 2], "颜色鲜艳度 (1–5)": [3, 4, 3, 3, 4, 3, 3, 3, 4, 3, 3, 4, 3, 3, 3, 4, 3, 3, 4, 3], "总体严重程度 (1–9)": [3, 4, 2, 3, 4, 3, 3, 2, 4, 3, 3, 4, 2, 3, 2, 4, 3, 3, 4, 2] }
55.data = { "专家编号": [1, 2, 3, 4, 5, 6, 7, 8, 9, 10, 11, 12, 13, 14, 15, 16, 17, 18, 19, 20], "感染面积比例 (%)": [45, 48, 42, 46, 50, 44, 47, 43, 49, 45, 46, 48, 44, 47, 42, 49, 45, 46, 48, 43], "病斑密度 (1–10)": [7, 8, 6, 7, 8, 7, 7, 6, 8, 7, 7, 8, 6, 7, 6, 8, 7, 7, 8, 6], "孢子产生量 (1–5)": [3, 4, 3, 3, 4, 3, 3, 3, 4, 3, 3, 4, 3, 3, 3, 4, 3, 3, 4, 3], "颜色鲜艳度 (1–5)": [4, 4, 3, 4, 4, 3, 4, 3, 4, 4, 4, 4, 3, 4, 3, 4, 4, 4, 4, 3], "总体严重程度 (1–9)": [6, 7, 5, 6, 7, 6, 6, 5, 7, 6, 6, 7, 5, 6, 5, 7, 6, 6, 7, 5] }
56.data = {    "专家编号": [1, 2, 3, 4, 5, 6, 7, 8, 9, 10, 11, 12, 13, 14, 15, 16, 17, 18, 19, 20],    "感染面积比例 (%)": [30, 33, 28, 31, 35, 29, 32, 27, 34, 30, 31, 33, 29, 32, 28, 34, 30, 31, 33, 28],    "病斑密度 (1–10)": [6, 7, 5, 6, 7, 6, 6, 5, 7, 6, 6, 7, 5, 6, 5, 7, 6, 6, 7, 5],    "孢子产生量 (1–5)": [3, 3, 2, 3, 3, 2, 3, 2, 3, 3, 3, 3, 2, 3, 2, 3, 3, 3, 3, 2],    "颜色鲜艳度 (1–5)": [4, 4, 3, 4, 4, 3, 4, 3, 4, 4, 4, 4, 3, 4, 3, 4, 4, 4, 4, 3],    "总体严重程度 (1–9)": [5, 6, 4, 5, 6, 5, 5, 4, 6, 5, 5, 6, 4, 5, 4, 6, 5, 5, 6, 4]}
57.data = { "专家编号": [1, 2, 3, 4, 5, 6, 7, 8, 9, 10, 11, 12, 13, 14, 15, 16, 17, 18, 19, 20], "感染面积比例 (%)": [15, 17, 13, 16, 18, 14, 16, 12, 17, 15, 16, 17, 14, 16, 13, 18, 15, 16, 17, 13], "病斑密度 (1–10)": [3, 4, 3, 3, 4, 3, 3, 2, 4, 3, 3, 4, 3, 3, 2, 4, 3, 3, 4, 3], "孢子产生量 (1–5)": [2, 2, 1, 2, 2, 1, 2, 1, 2, 2, 2, 2, 1, 2, 1, 2, 2, 2, 2, 1], "颜色鲜艳度 (1–5)": [3, 3, 2, 3, 3, 2, 3, 2, 3, 3, 3, 3, 2, 3, 2, 3, 3, 3, 3, 2], "总体严重程度 (1–9)": [2, 3, 2, 2, 3, 2, 2, 1, 3, 2, 2, 3, 2, 2, 1, 3, 2, 2, 3, 2] }
58.data = { "专家编号": [1, 2, 3, 4, 5, 6, 7, 8, 9, 10, 11, 12, 13, 14, 15, 16, 17, 18, 19, 20], "感染面积比例 (%)": [12, 14, 10, 13, 15, 11, 13, 9, 14, 12, 13, 14, 11, 13, 10, 15, 12, 13, 14, 10], "病斑密度 (1–10)": [3, 4, 2, 3, 4, 3, 3, 2, 4, 3, 3, 4, 2, 3, 2, 4, 3, 3, 4, 2], "孢子产生量 (1–5)": [2, 2, 1, 2, 2, 1, 2, 1, 2, 2, 2, 2, 1, 2, 1, 2, 2, 2, 2, 1], "颜色鲜艳度 (1–5)": [3, 3, 2, 3, 3, 2, 3, 2, 3, 3, 3, 3, 2, 3, 2, 3, 3, 3, 3, 2], "总体严重程度 (1–9)": [2, 3, 2, 2, 3, 2, 2, 1, 3, 2, 2, 3, 2, 2, 1, 3, 2, 2, 3, 2] }
59.data = { "专家编号": [1, 2, 3, 4, 5, 6, 7, 8, 9, 10, 11, 12, 13, 14, 15, 16, 17, 18, 19, 20], "感染面积比例 (%)": [50, 53, 48, 51, 55, 49, 52, 47, 54, 50, 51, 53, 49, 52, 48, 54, 50, 51, 53, 48], "病斑密度 (1–10)": [7, 8, 6, 7, 8, 7, 7, 6, 8, 7, 7, 8, 6, 7, 6, 8, 7, 7, 8, 6], "孢子产生量 (1–5)": [4, 4, 3, 4, 4, 3, 4, 3, 4, 4, 4, 4, 3, 4, 3, 4, 4, 4, 4, 3], "颜色鲜艳度 (1–5)": [4, 5, 4, 4, 5, 4, 4, 4, 5, 4, 4, 5, 4, 4, 4, 5, 4, 4, 5, 4], "总体严重程度 (1–9)": [6, 7, 5, 6, 7, 6, 6, 5, 7, 6, 6, 7, 5, 6, 5, 7, 6, 6, 7, 5] }
60.data = { "专家编号": [1, 2, 3, 4, 5, 6, 7, 8, 9, 10, 11, 12, 13, 14, 15, 16, 17, 18, 19, 20], "感染面积比例 (%)": [12, 14, 10, 13, 15, 11, 13, 9, 14, 12, 13, 14, 11, 13, 10, 15, 12, 13, 14, 10], "病斑密度 (1–10)": [3, 4, 2, 3, 4, 3, 3, 2, 4, 3, 3, 4, 2, 3, 2, 4, 3, 3, 4, 2], "孢子产生量 (1–5)": [2, 2, 1, 2, 2, 1, 2, 1, 2, 2, 2, 2, 1, 2, 1, 2, 2, 2, 2, 1], "颜色鲜艳度 (1–5)": [3, 3, 2, 3, 3, 2, 3, 2, 3, 3, 3, 3, 2, 3, 2, 3, 3, 3, 3, 2], "总体严重程度 (1–9)": [2, 3, 2, 2, 3, 2, 2, 1, 3, 2, 2, 3, 2, 2, 1, 3, 2, 2, 3, 2] }
61.data = { "专家编号": [1, 2, 3, 4, 5, 6, 7, 8, 9, 10, 11, 12, 13, 14, 15, 16, 17, 18, 19, 20], "感染面积比例 (%)": [35, 38, 32, 36, 40, 34, 37, 33, 39, 35, 36, 38, 34, 37, 32, 39, 35, 36, 38, 33], "病斑密度 (1–10)": [6, 7, 5, 6, 7, 6, 6, 5, 7, 6, 6, 7, 5, 6, 5, 7, 6, 6, 7, 5], "孢子产生量 (1–5)": [3, 4, 3, 3, 4, 3, 3, 3, 4, 3, 3, 4, 3, 3, 3, 4, 3, 3, 4, 3], "颜色鲜艳度 (1–5)": [4, 4, 3, 4, 4, 3, 4, 3, 4, 4, 4, 4, 3, 4, 3, 4, 4, 4, 4, 3], "总体严重程度 (1–9)": [5, 6, 4, 5, 6, 5, 5, 4, 6, 5, 5, 6, 4, 5, 4, 6, 5, 5, 6, 4] }
62.data = { "专家编号": [1, 2, 3, 4, 5, 6, 7, 8, 9, 10, 11, 12, 13, 14, 15, 16, 17, 18, 19, 20], "感染面积比例 (%)": [28, 30, 25, 29, 32, 27, 30, 24, 31, 28, 29, 30, 27, 30, 25, 32, 28, 29, 30, 26], "病斑密度 (1–10)": [5, 6, 4, 5, 6, 5, 5, 4, 6, 5, 5, 6, 4, 5, 4, 6, 5, 5, 6, 4], "孢子产生量 (1–5)": [3, 3, 2, 3, 3, 2, 3, 2, 3, 3, 3, 3, 2, 3, 2, 3, 3, 3, 3, 2], "颜色鲜艳度 (1–5)": [3, 4, 3, 3, 4, 3, 3, 3, 4, 3, 3, 4, 3, 3, 3, 4, 3, 3, 4, 3], "总体严重程度 (1–9)": [4, 5, 3, 4, 5, 4, 4, 3, 5, 4, 4, 5, 3, 4, 3, 5, 4, 4, 5, 3] }
63.data = { "专家编号": [1, 2, 3, 4, 5, 6, 7, 8, 9, 10, 11, 12, 13, 14, 15, 16, 17, 18, 19, 20], "感染面积比例 (%)": [45, 48, 42, 46, 50, 44, 47, 43, 49, 45, 46, 48, 44, 47, 42, 49, 45, 46, 48, 43], "病斑密度 (1–10)": [7, 8, 6, 7, 8, 7, 7, 6, 8, 7, 7, 8, 6, 7, 6, 8, 7, 7, 8, 6], "孢子产生量 (1–5)": [4, 4, 3, 4, 4, 3, 4, 3, 4, 4, 4, 4, 3, 4, 3, 4, 4, 4, 4, 3], "颜色鲜艳度 (1–5)": [4, 5, 4, 4, 5, 4, 4, 4, 5, 4, 4, 5, 4, 4, 4, 5, 4, 4, 5, 4], "总体严重程度 (1–9)": [6, 7, 5, 6, 7, 6, 6, 5, 7, 6, 6, 7, 5, 6, 5, 7, 6, 6, 7, 5] }
64.data = { "专家编号": [1, 2, 3, 4, 5, 6, 7, 8, 9, 10, 11, 12, 13, 14, 15, 16, 17, 18, 19, 20], "感染面积比例 (%)": [8, 10, 6, 9, 11, 7, 9, 5, 10, 8, 9, 10, 7, 9, 6, 11, 8, 9, 10, 7], "病斑密度 (1–10)": [2, 3, 1, 2, 3, 2, 2, 1, 3, 2, 2, 3, 1, 2, 1, 3, 2, 2, 3, 2], "孢子产生量 (1–5)": [1, 2, 1, 1, 2, 1, 1, 1, 2, 1, 1, 2, 1, 1, 1, 2, 1, 1, 2, 1], "颜色鲜艳度 (1–5)": [2, 3, 2, 2, 3, 2, 2, 2, 3, 2, 2, 3, 2, 2, 2, 3, 2, 2, 3, 2], "总体严重程度 (1–9)": [1, 2, 1, 1, 2, 1, 1, 1, 2, 1, 1, 2, 1, 1, 1, 2, 1, 1, 2, 1] }
65.data = { "专家编号": [1, 2, 3, 4, 5, 6, 7, 8, 9, 10, 11, 12, 13, 14, 15, 16, 17, 18, 19, 20], "感染面积比例 (%)": [60, 63, 58, 61, 65, 59, 62, 57, 64, 60, 61, 63, 59, 62, 58, 64, 60, 61, 63, 58], "病斑密度 (1–10)": [8, 9, 7, 8, 9, 8, 8, 7, 9, 8, 8, 9, 7, 8, 7, 9, 8, 8, 9, 7], "孢子产生量 (1–5)": [4, 5, 4, 4, 5, 4, 4, 4, 5, 4, 4, 5, 4, 4, 4, 5, 4, 4, 5, 4], "颜色鲜艳度 (1–5)": [4, 5, 4, 4, 5, 4, 4, 4, 5, 4, 4, 5, 4, 4, 4, 5, 4, 4, 5, 4], "总体严重程度 (1–9)": [7, 8, 6, 7, 8, 7, 7, 6, 8, 7, 7, 8, 6, 7, 6, 8, 7, 7, 8, 6] }
66.data = { "专家编号": [1, 2, 3, 4, 5, 6, 7, 8, 9, 10, 11, 12, 13, 14, 15, 16, 17, 18, 19, 20], "感染面积比例 (%)": [42, 45, 40, 43, 47, 41, 44, 39, 46, 42, 43, 45, 41, 44, 40, 46, 42, 43, 45, 40], "病斑密度 (1–10)": [7, 8, 6, 7, 8, 7, 7, 6, 8, 7, 7, 8, 6, 7, 6, 8, 7, 7, 8, 6], "孢子产生量 (1–5)": [4, 4, 3, 4, 4, 3, 4, 3, 4, 4, 4, 4, 3, 4, 3, 4, 4, 4, 4, 3], "颜色鲜艳度 (1–5)": [4, 4, 3, 4, 4, 3, 4, 3, 4, 4, 4, 4, 3, 4, 3, 4, 4, 4, 4, 3], "总体严重程度 (1–9)": [6, 7, 5, 6, 7, 6, 6, 5, 7, 6, 6, 7, 5, 6, 5, 7, 6, 6, 7, 5] }
67.data = { "专家编号": [1, 2, 3, 4, 5, 6, 7, 8, 9, 10, 11, 12, 13, 14, 15, 16, 17, 18, 19, 20], "感染面积比例 (%)": [32, 35, 30, 33, 37, 31, 34, 29, 36, 32, 33, 35, 31, 34, 30, 36, 32, 33, 35, 30], "病斑密度 (1–10)": [6, 7, 5, 6, 7, 6, 6, 5, 7, 6, 6, 7, 5, 6, 5, 7, 6, 6, 7, 5], "孢子产生量 (1–5)": [3, 3, 2, 3, 3, 2, 3, 2, 3, 3, 3, 3, 2, 3, 2, 3, 3, 3, 3, 2], "颜色鲜艳度 (1–5)": [3, 4, 3, 3, 4, 3, 3, 3, 4, 3, 3, 4, 3, 3, 3, 4, 3, 3, 4, 3], "总体严重程度 (1–9)": [5, 6, 4, 5, 6, 5, 5, 4, 6, 5, 5, 6, 4, 5, 4, 6, 5, 5, 6, 4] }
68.data = { "专家编号": [1, 2, 3, 4, 5, 6, 7, 8, 9, 10, 11, 12, 13, 14, 15, 16, 17, 18, 19, 20], "感染面积比例 (%)": [25, 27, 22, 26, 28, 24, 26, 21, 27, 25, 26, 27, 24, 26, 22, 28, 25, 26, 27, 23], "病斑密度 (1–10)": [5, 6, 4, 5, 6, 5, 5, 4, 6, 5, 5, 6, 4, 5, 4, 6, 5, 5, 6, 4], "孢子产生量 (1–5)": [2, 3, 2, 2, 3, 2, 2, 2, 3, 2, 2, 3, 2, 2, 2, 3, 2, 2, 3, 2], "颜色鲜艳度 (1–5)": [3, 4, 3, 3, 4, 3, 3, 3, 4, 3, 3, 4, 3, 3, 3, 4, 3, 3, 4, 3], "总体严重程度 (1–9)": [4, 5, 3, 4, 5, 4, 4, 3, 5, 4, 4, 5, 3, 4, 3, 5, 4, 4, 5, 3] }
69.data = { "专家编号": [1, 2, 3, 4, 5, 6, 7, 8, 9, 10, 11, 12, 13, 14, 15, 16, 17, 18, 19, 20], "感染面积比例 (%)": [30, 33, 28, 31, 34, 29, 32, 27, 33, 30, 31, 33, 29, 32, 28, 34, 30, 31, 33, 28], "病斑密度 (1–10)": [6, 7, 5, 6, 7, 6, 6, 5, 7, 6, 6, 7, 5, 6, 5, 7, 6, 6, 7, 5], "孢子产生量 (1–5)": [3, 3, 2, 3, 3, 2, 3, 2, 3, 3, 3, 3, 2, 3, 2, 3, 3, 3, 3, 2], "颜色鲜艳度 (1–5)": [3, 4, 3, 3, 4, 3, 3, 3, 4, 3, 3, 4, 3, 3, 3, 4, 3, 3, 4, 3], "总体严重程度 (1–9)": [5, 6, 4, 5, 6, 5, 5, 4, 6, 5, 5, 6, 4, 5, 4, 6, 5, 5, 6, 4] }
70.data = { "专家编号": [1, 2, 3, 4, 5, 6, 7, 8, 9, 10, 11, 12, 13, 14, 15, 16, 17, 18, 19, 20], "感染面积比例 (%)": [40, 43, 38, 41, 45, 39, 42, 37, 44, 40, 41, 43, 39, 42, 38, 44, 40, 41, 43, 38], "病斑密度 (1–10)": [7, 8, 6, 7, 8, 7, 7, 6, 8, 7, 7, 8, 6, 7, 6, 8, 7, 7, 8, 6], "孢子产生量 (1–5)": [4, 4, 3, 4, 4, 3, 4, 3, 4, 4, 4, 4, 3, 4, 3, 4, 4, 4, 4, 3], "颜色鲜艳度 (1–5)": [4, 4, 3, 4, 4, 3, 4, 3, 4, 4, 4, 4, 3, 4, 3, 4, 4, 4, 4, 3], "总体严重程度 (1–9)": [6, 7, 5, 6, 7, 6, 6, 5, 7, 6, 6, 7, 5, 6, 5, 7, 6, 6, 7, 5] }
71.data = { "专家编号": list(range(1, 21)), "感染面积比例 (%)": [35, 40, 38, 42, 37, 45, 39, 41, 36, 43, 38, 40, 44, 39, 37, 41, 38, 42, 40, 39], "病斑密度 (1–10)": [6, 7, 6, 7, 6, 8, 7, 7, 6, 7, 6, 7, 8, 7, 6, 7, 6, 7, 7, 7], "孢子产生量 (1–5)": [3, 4, 3, 4, 3, 4, 4, 4, 3, 4, 3, 4, 4, 4, 3, 4, 3, 4, 4, 3], "颜色鲜艳度 (1–5)": [4, 4, 3, 4, 4, 5, 4, 4, 3, 4, 4, 4, 5, 4, 3, 4, 4, 4, 4, 4], "总体严重程度 (1–9)": [6, 7, 6, 7, 6, 8, 7, 7, 6, 7, 6, 7, 8, 7, 6, 7, 6, 7, 7, 6] }
72.data = { "专家编号": list(range(1, 21)), "感染面积比例 (%)": [8, 10, 7, 9, 6, 11, 8, 9, 7, 10, 8, 9, 11, 8, 6, 9, 7, 10, 8, 9], "病斑密度 (1–10)": [2, 3, 2, 2, 2, 3, 2, 3, 2, 3, 2, 2, 3, 2, 2, 3, 2, 3, 2, 2], "孢子产生量 (1–5)": [1, 2, 1, 1, 1, 2, 1, 2, 1, 2, 1, 1, 2, 1, 1, 2, 1, 2, 1, 1], "颜色鲜艳度 (1–5)": [2, 2, 1, 2, 2, 3, 2, 2, 1, 2, 2, 2, 3, 2, 1, 2, 2, 2, 2, 2], "总体严重程度 (1–9)": [2, 3, 2, 2, 2, 3, 2, 3, 2, 3, 2, 2, 3, 2, 2, 3, 2, 3, 2, 2] }
73.data = { "专家编号": list(range(1, 21)), "感染面积比例 (%)": [25, 28, 24, 30, 26, 32, 27, 29, 25, 31, 26, 28, 33, 27, 24, 29, 26, 30, 28, 27], "病斑密度 (1–10)": [5, 6, 5, 6, 5, 7, 6, 6, 5, 6, 5, 6, 7, 6, 5, 6, 5, 6, 6, 5], "孢子产生量 (1–5)": [3, 3, 2, 3, 3, 4, 3, 3, 2, 3, 3, 3, 4, 3, 2, 3, 3, 3, 3, 3], "颜色鲜艳度 (1–5)": [3, 4, 3, 4, 3, 4, 4, 4, 3, 4, 3, 4, 4, 4, 3, 4, 3, 4, 4, 3], "总体严重程度 (1–9)": [5, 6, 5, 6, 5, 7, 6, 6, 5, 6, 5, 6, 7, 6, 5, 6, 5, 6, 6, 5] }
74.data = { "专家编号": list(range(1, 21)), "感染面积比例 (%)": [2, 3, 1, 2, 1, 4, 2, 3, 1, 3, 2, 2, 4, 2, 1, 3, 1, 3, 2, 2], "病斑密度 (1–10)": [1, 1, 1, 1, 1, 2, 1, 1, 1, 1, 1, 1, 2, 1, 1, 1, 1, 1, 1, 1], "孢子产生量 (1–5)": [1, 1, 1, 1, 1, 1, 1, 1, 1, 1, 1, 1, 1, 1, 1, 1, 1, 1, 1, 1], "颜色鲜艳度 (1–5)": [1, 1, 1, 1, 1, 2, 1, 1, 1, 1, 1, 1, 2, 1, 1, 1, 1, 1, 1, 1], "总体严重程度 (1–9)": [1, 1, 1, 1, 1, 2, 1, 1, 1, 1, 1, 1, 2, 1, 1, 1, 1, 1, 1, 1] }
75.data = { "专家编号": list(range(1, 21)), "感染面积比例 (%)": [0, 1, 0, 1, 0, 2, 1, 1, 0, 1, 0, 1, 2, 1, 0, 1, 0, 1, 1, 0], "病斑密度 (1–10)": [1, 1, 1, 1, 1, 1, 1, 1, 1, 1, 1, 1, 1, 1, 1, 1, 1, 1, 1, 1], "孢子产生量 (1–5)": [1, 1, 1, 1, 1, 1, 1, 1, 1, 1, 1, 1, 1, 1, 1, 1, 1, 1, 1, 1], "颜色鲜艳度 (1–5)": [1, 1, 1, 1, 1, 1, 1, 1, 1, 1, 1, 1, 1, 1, 1, 1, 1, 1, 1, 1], "总体严重程度 (1–9)": [1, 1, 1, 1, 1, 1, 1, 1, 1, 1, 1, 1, 1, 1, 1, 1, 1, 1, 1, 1] }
76.data = { "专家编号": list(range(1, 21)), "感染面积比例 (%)": [30, 35, 32, 38, 31, 40, 34, 36, 30, 37, 33, 35, 41, 34, 31, 36, 32, 38, 35, 33], "病斑密度 (1–10)": [6, 7, 6, 7, 6, 8, 7, 7, 6, 7, 6, 7, 8, 7, 6, 7, 6, 7, 7, 6], "孢子产生量 (1–5)": [3, 4, 3, 4, 3, 4, 4, 3, 3, 4, 3, 4, 4, 3, 3, 4, 3, 4, 3, 3], "颜色鲜艳度 (1–5)": [4, 4, 3, 4, 4, 5, 4, 4, 3, 4, 4, 4, 5, 4, 3, 4, 4, 4, 4, 4], "总体严重程度 (1–9)": [6, 7, 6, 7, 6, 8, 7, 7, 6, 7, 6, 7, 8, 7, 6, 7, 6, 7, 7, 6] }
77.data = { "专家编号": list(range(1, 21)), "感染面积比例 (%)": [65, 70, 68, 75, 64, 78, 69, 72, 66, 74, 68, 71, 80, 69, 65, 73, 67, 76, 70, 68], "病斑密度 (1–10)": [9, 9, 8, 9, 8, 10, 9, 9, 8, 9, 9, 9, 10, 9, 8, 9, 8, 10, 9, 9], "孢子产生量 (1–5)": [4, 5, 4, 5, 4, 5, 5, 5, 4, 5, 4, 5, 5, 5, 4, 5, 4, 5, 5, 4], "颜色鲜艳度 (1–5)": [4, 5, 4, 5, 4, 5, 5, 5, 4, 5, 4, 5, 5, 5, 4, 5, 4, 5, 5, 4], "总体严重程度 (1–9)": [8, 9, 8, 9, 8, 9, 9, 9, 8, 9, 8, 9, 9, 9, 8, 9, 8, 9, 9, 8] }
78.data = { "专家编号": list(range(1, 21)), "感染面积比例 (%)": [20, 25, 22, 28, 21, 30, 24, 26, 20, 27, 23, 25, 32, 24, 21, 26, 22, 29, 25, 23], "病斑密度 (1–10)": [4, 5, 4, 5, 4, 6, 5, 5, 4, 5, 4, 5, 6, 5, 4, 5, 4, 6, 5, 4], "孢子产生量 (1–5)": [2, 3, 2, 3, 2, 3, 3, 3, 2, 3, 2, 3, 3, 3, 2, 3, 2, 3, 3, 2], "颜色鲜艳度 (1–5)": [3, 3, 2, 3, 3, 4, 3, 3, 2, 3, 3, 3, 4, 3, 2, 3, 3, 3, 3, 3], "总体严重程度 (1–9)": [4, 5, 4, 5, 4, 6, 5, 5, 4, 5, 4, 5, 6, 5, 4, 5, 4, 5, 5, 4] }
79.data = { "专家编号": list(range(1, 21)), "感染面积比例 (%)": [45, 50, 47, 55, 44, 58, 49, 52, 46, 54, 48, 51, 60, 49, 45, 53, 47, 56, 50, 48], "病斑密度 (1–10)": [7, 8, 7, 8, 7, 9, 8, 8, 7, 8, 7, 8, 9, 8, 7, 8, 7, 8, 8, 7], "孢子产生量 (1–5)": [4, 4, 3, 4, 4, 5, 4, 4, 3, 4, 4, 4, 5, 4, 3, 4, 4, 4, 4, 4], "颜色鲜艳度 (1–5)": [4, 4, 3, 4, 4, 5, 4, 4, 3, 4, 4, 4, 5, 4, 3, 4, 4, 4, 4, 4], "总体严重程度 (1–9)": [7, 8, 7, 8, 7, 8, 7, 8, 7, 8, 7, 8, 8, 7, 7, 8, 7, 8, 7, 7] }
80.data = { "专家编号": list(range(1, 21)), "感染面积比例 (%)": [5, 7, 4, 6, 3, 8, 5, 6, 4, 7, 5, 6, 9, 5, 3, 6, 4, 7, 5, 6], "病斑密度 (1–10)": [2, 2, 1, 2, 1, 3, 2, 2, 1, 2, 2, 2, 3, 2, 1, 2, 1, 2, 2, 2], "孢子产生量 (1–5)": [1, 1, 1, 1, 1, 2, 1, 1, 1, 1, 1, 1, 2, 1, 1, 1, 1, 1, 1, 1], "颜色鲜艳度 (1–5)": [1, 2, 1, 2, 1, 2, 2, 2, 1, 2, 1, 2, 2, 2, 1, 2, 1, 2, 2, 1], "总体严重程度 (1–9)": [2, 2, 1, 2, 1, 3, 2, 2, 1, 2, 2, 2, 3, 2, 1, 2, 1, 2, 2, 2] }
81.data = { "专家编号": list(range(1, 21)), "感染面积比例 (%)": [15, 18, 14, 20, 16, 22, 17, 19, 15, 21, 16, 18, 23, 17, 14, 19, 16, 20, 18, 17], "病斑密度 (1–10)": [3, 4, 3, 4, 3, 5, 4, 4, 3, 4, 3, 4, 5, 4, 3, 4, 3, 4, 4, 3], "孢子产生量 (1–5)": [2, 2, 2, 3, 2, 3, 2, 2, 2, 3, 2, 2, 3, 2, 2, 2, 2, 3, 2, 2], "颜色鲜艳度 (1–5)": [2, 3, 2, 3, 2, 3, 3, 3, 2, 3, 2, 3, 3, 3, 2, 3, 2, 3, 3, 2], "总体严重程度 (1–9)": [3, 4, 3, 4, 3, 5, 4, 4, 3, 4, 3, 4, 5, 4, 3, 4, 3, 4, 4, 3] }
82.data = { "专家编号": list(range(1, 21)), "感染面积比例 (%)": [10, 12, 9, 14, 11, 16, 12, 13, 10, 15, 11, 13, 17, 12, 9, 14, 11, 15, 13, 11], "病斑密度 (1–10)": [2, 3, 2, 3, 2, 4, 3, 3, 2, 3, 2, 3, 4, 3, 2, 3, 2, 3, 3, 2], "孢子产生量 (1–5)": [1, 2, 1, 2, 1, 2, 2, 2, 1, 2, 1, 2, 2, 2, 1, 2, 1, 2, 2, 1], "颜色鲜艳度 (1–5)": [2, 2, 1, 2, 2, 3, 2, 2, 1, 2, 2, 2, 3, 2, 1, 2, 2, 2, 2, 2], "总体严重程度 (1–9)": [2, 3, 2, 3, 2, 4, 3, 3, 2, 3, 2, 3, 4, 3, 2, 3, 2, 3, 3, 2] }
83.data = { "专家编号": list(range(1, 21)), "感染面积比例 (%)": [5, 7, 4, 8, 6, 10, 7, 8, 5, 9, 6, 8, 11, 7, 4, 8, 6, 9, 7, 6], "病斑密度 (1–10)": [2, 2, 1, 2, 2, 3, 2, 2, 1, 2, 2, 2, 3, 2, 1, 2, 2, 2, 2, 2], "孢子产生量 (1–5)": [1, 1, 1, 2, 1, 2, 1, 1, 1, 2, 1, 1, 2, 1, 1, 1, 1, 2, 1, 1], "颜色鲜艳度 (1–5)": [2, 2, 1, 2, 2, 3, 2, 2, 1, 2, 2, 2, 3, 2, 1, 2, 2, 2, 2, 2], "总体严重程度 (1–9)": [2, 2, 1, 3, 2, 3, 2, 2, 1, 3, 2, 2, 3, 2, 1, 2, 2, 3, 2, 2] }
84.data = { "专家编号": list(range(1, 21)), "感染面积比例 (%)": [18, 22, 17, 25, 19, 28, 21, 23, 18, 26, 20, 22, 30, 21, 17, 24, 19, 27, 22, 20], "病斑密度 (1–10)": [4, 5, 4, 5, 4, 6, 5, 5, 4, 5, 4, 5, 6, 5, 4, 5, 4, 6, 5, 4], "孢子产生量 (1–5)": [3, 3, 2, 3, 3, 4, 3, 3, 2, 3, 3, 3, 4, 3, 2, 3, 3, 4, 3, 3], "颜色鲜艳度 (1–5)": [3, 4, 3, 4, 3, 4, 4, 4, 3, 4, 3, 4, 4, 4, 3, 4, 3, 4, 4, 3], "总体严重程度 (1–9)": [4, 5, 4, 5, 4, 6, 5, 5, 4, 5, 4, 5, 6, 5, 4, 5, 4, 6, 5, 4] }
85.data = { "专家编号": list(range(1, 21)), "感染面积比例 (%)": [12, 15, 11, 18, 13, 20, 14, 16, 12, 19, 14, 15, 22, 14, 11, 17, 13, 19, 15, 13], "病斑密度 (1–10)": [3, 4, 3, 4, 3, 5, 4, 4, 3, 4, 3, 4, 5, 4, 3, 4, 3, 4, 4, 3], "孢子产生量 (1–5)": [2, 2, 2, 3, 2, 3, 2, 2, 2, 3, 2, 2, 3, 2, 2, 3, 2, 3, 2, 2], "颜色鲜艳度 (1–5)": [2, 3, 2, 3, 2, 3, 3, 3, 2, 3, 2, 3, 3, 3, 2, 3, 2, 3, 3, 2], "总体严重程度 (1–9)": [3, 4, 3, 4, 3, 5, 4, 4, 3, 4, 3, 4, 5, 4, 3, 4, 3, 4, 4, 3] }
86.data = { "专家编号": list(range(1, 21)), "感染面积比例 (%)": [28, 32, 27, 35, 29, 38, 31, 33, 28, 36, 30, 32, 40, 31, 27, 34, 29, 37, 32, 30], "病斑密度 (1–10)": [5, 6, 5, 6, 5, 7, 6, 6, 5, 6, 5, 6, 7, 6, 5, 6, 5, 7, 6, 5], "孢子产生量 (1–5)": [3, 3, 3, 4, 3, 4, 3, 3, 3, 4, 3, 3, 4, 3, 3, 4, 3, 4, 3, 3], "颜色鲜艳度 (1–5)": [3, 4, 3, 4, 3, 4, 4, 4, 3, 4, 3, 4, 4, 4, 3, 4, 3, 4, 4, 3], "总体严重程度 (1–9)": [5, 6, 5, 6, 5, 7, 6, 6, 5, 6, 5, 6, 7, 6, 5, 6, 5, 7, 6, 5] }
87.data = { "专家编号": list(range(1, 21)), "感染面积比例 (%)": [35, 40, 33, 42, 36, 45, 38, 41, 34, 43, 37, 40, 47, 38, 33, 41, 36, 44, 39, 37], "病斑密度 (1–10)": [6, 7, 6, 7, 6, 8, 7, 7, 6, 7, 6, 7, 8, 7, 6, 7, 6, 8, 7, 6], "孢子产生量 (1–5)": [3, 4, 3, 4, 3, 4, 4, 4, 3, 4, 3, 4, 4, 4, 3, 4, 3, 4, 4, 3], "颜色鲜艳度 (1–5)": [4, 4, 3, 4, 4, 5, 4, 4, 3, 4, 4, 4, 5, 4, 3, 4, 4, 4, 4, 4], "总体严重程度 (1–9)": [6, 7, 6, 7, 6, 8, 7, 7, 6, 7, 6, 7, 8, 7, 6, 7, 6, 7, 7, 6] }
88.data = { "专家编号": list(range(1, 21)), "感染面积比例 (%)": [15, 18, 14, 20, 16, 22, 17, 19, 15, 21, 17, 18, 24, 17, 14, 19, 16, 21, 18, 16], "病斑密度 (1–10)": [3, 4, 3, 4, 3, 5, 4, 4, 3, 4, 3, 4, 5, 4, 3, 4, 3, 4, 4, 3], "孢子产生量 (1–5)": [2, 3, 2, 3, 2, 3, 3, 3, 2, 3, 2, 3, 3, 3, 2, 3, 2, 3, 3, 2], "颜色鲜艳度 (1–5)": [3, 3, 2, 3, 3, 4, 3, 3, 2, 3, 3, 3, 4, 3, 2, 3, 3, 3, 3, 3], "总体严重程度 (1–9)": [3, 4, 3, 4, 3, 5, 4, 4, 3, 4, 3, 4, 5, 4, 3, 4, 3, 4, 4, 3] }
89.data = { "专家编号": list(range(1, 21)), "感染面积比例 (%)": [40, 45, 38, 48, 41, 52, 44, 46, 39, 49, 43, 45, 55, 43, 38, 47, 41, 50, 45, 42], "病斑密度 (1–10)": [7, 8, 7, 8, 7, 9, 8, 8, 7, 8, 7, 8, 9, 8, 7, 8, 7, 8, 8, 7], "孢子产生量 (1–5)": [3, 4, 3, 4, 3, 4, 4, 4, 3, 4, 3, 4, 4, 4, 3, 4, 3, 4, 4, 3], "颜色鲜艳度 (1–5)": [4, 4, 3, 4, 4, 5, 4, 4, 3, 4, 4, 4, 5, 4, 3, 4, 4, 5, 4, 4], "总体严重程度 (1–9)": [6, 7, 6, 7, 6, 8, 7, 7, 6, 7, 6, 7, 8, 7, 6, 7, 6, 8, 7, 6] }
90.data = { "专家编号": list(range(1, 21)), "感染面积比例 (%)": [50, 55, 48, 60, 52, 65, 54, 58, 49, 61, 53, 56, 68, 54, 48, 59, 52, 63, 55, 51], "病斑密度 (1–10)": [8, 8, 7, 9, 8, 9, 8, 8, 7, 9, 8, 8, 9, 8, 7, 9, 8, 9, 8, 8], "孢子产生量 (1–5)": [4, 4, 3, 4, 4, 5, 4, 4, 3, 4, 4, 4, 5, 4, 3, 4, 4, 5, 4, 4], "颜色鲜艳度 (1–5)": [4, 4, 3, 4, 4, 5, 4, 4, 3, 4, 4, 4, 5, 4, 3, 4, 4, 5, 4, 4], "总体严重程度 (1–9)": [7, 8, 7, 8, 7, 9, 8, 8, 7, 8, 7, 8, 9, 8, 7, 8, 7, 8, 8, 7] }
91.data = { "专家编号": list(range(1, 21)), "感染面积比例 (%)": [75, 72, 78, 70, 73, 76, 71, 74, 77, 73, 75, 72, 76, 74, 73, 75, 71, 77, 74, 73], "病斑密度 (1–10)": [8, 7, 8, 7, 8, 8, 7, 8, 9, 8, 8, 7, 8, 8, 7, 8, 7, 8, 8, 8], "孢子产生量 (1–5)": [4, 4, 5, 4, 4, 4, 3, 4, 5, 4, 4, 4, 4, 4, 4, 4, 3, 5, 4, 4], "颜色鲜艳度 (1–5)": [4, 4, 4, 3, 4, 4, 4, 4, 5, 4, 4, 3, 4, 4, 4, 4, 3, 4, 4, 4], "总体严重程度 (1–9)": [7, 7, 8, 6, 7, 7, 6, 7, 8, 7, 7, 6, 7, 7, 7, 7, 6, 8, 7, 7] }
92.data = { "专家编号": list(range(1, 21)), "感染面积比例 (%)": [65, 68, 62, 70, 66, 64, 67, 63, 69, 65, 68, 64, 66, 67, 65, 63, 68, 66, 64, 67], "病斑密度 (1–10)": [7, 7, 6, 8, 7, 7, 7, 6, 7, 7, 8, 7, 7, 7, 6, 7, 7, 7, 6, 7], "孢子产生量 (1–5)": [4, 3, 4, 4, 4, 3, 4, 3, 4, 4, 4, 3, 4, 4, 3, 3, 4, 4, 3, 4], "颜色鲜艳度 (1–5)": [4, 4, 3, 4, 4, 4, 4, 3, 4, 4, 4, 4, 3, 4, 4, 3, 4, 4, 4, 3], "总体严重程度 (1–9)": [6, 6, 5, 7, 6, 6, 6, 5, 7, 6, 7, 6, 6, 6, 6, 5, 7, 6, 6, 6] }
93.data = { "专家编号": list(range(1, 21)), "感染面积比例 (%)": [25, 22, 28, 24, 26, 23, 27, 25, 24, 26, 23, 25, 27, 24, 26, 25, 23, 28, 25, 24], "病斑密度 (1–10)": [3, 3, 4, 3, 3, 3, 4, 3, 3, 4, 3, 3, 4, 3, 3, 3, 2, 4, 3, 3], "孢子产生量 (1–5)": [2, 2, 3, 2, 2, 2, 3, 2, 2, 2, 2, 2, 3, 2, 2, 2, 2, 3, 2, 2], "颜色鲜艳度 (1–5)": [3, 3, 3, 2, 3, 3, 3, 3, 2, 3, 3, 3, 3, 3, 3, 2, 3, 3, 3, 3], "总体严重程度 (1–9)": [3, 3, 4, 3, 3, 3, 4, 3, 3, 3, 3, 3, 4, 3, 3, 3, 2, 4, 3, 3] }
94.data = {
"专家编号": list (range (1, 21)),
"感染面积比例 (%)": [20, 25, 18, 30, 22, 35, 24, 28, 16, 32, 26, 29, 21, 33, 19, 30, 23, 27, 20, 31],
"病斑密度 (1–10)": [4, 5, 4, 6, 4, 7, 5, 6, 3, 7, 5, 6, 4, 7, 4, 6, 5, 6, 4, 7],
"孢子产生量 (1–5)": [3, 3, 2, 4, 2, 4, 3, 3, 2, 4, 3, 3, 2, 4, 2, 3, 3, 3, 2, 4],
"颜色鲜艳度 (1–5)": [3, 3, 2, 4, 2, 4, 3, 3, 2, 4, 3, 3, 2, 4, 2, 3, 3, 3, 2, 4],
"总体严重程度 (1–9)": [4, 5, 3, 6, 3, 6, 4, 5, 3, 6, 4, 5, 3, 6, 3, 5, 4, 5, 3, 6]
}
95.data = {
"专家编号": list (range (1, 21)),
"感染面积比例 (%)": [22, 28, 19, 32, 23, 33, 25, 27, 17, 30, 24, 31, 20, 34, 18, 30, 22, 29, 21, 32],
"病斑密度 (1–10)": [4, 5, 4, 6, 4, 7, 5, 6, 3, 7, 5, 6, 4, 7, 4, 6, 5, 6, 4, 7],
"孢子产生量 (1–5)": [3, 3, 2, 4, 2, 4, 3, 3, 2, 4, 3, 3, 2, 4, 2, 3, 3, 3, 2, 4],
"颜色鲜艳度 (1–5)": [3, 3, 2, 4, 2, 4, 3, 3, 2, 4, 3, 3, 2, 4, 2, 3, 3, 3, 2, 4],
"总体严重程度 (1–9)": [4, 5, 3, 6, 3, 6, 4, 5, 3, 6, 4, 5, 3, 6, 3, 5, 4, 5, 3, 6]
}
96.data = { "专家编号": list(range(1, 21)), "感染面积比例 (%)": [15, 20, 18, 22, 16, 25, 20, 19, 14, 23, 17, 21, 15, 24, 16, 22, 18, 20, 17, 23], "病斑密度 (1–10)": [3, 4, 3, 5, 3, 6, 4, 4, 2, 5, 3, 4, 3, 5, 3, 4, 3, 4, 3, 5], "孢子产生量 (1–5)": [2, 2, 2, 3, 2, 3, 2, 2, 2, 3, 2, 2, 2, 3, 2, 2, 2, 2, 2, 3], "颜色鲜艳度 (1–5)": [2, 2, 2, 3, 2, 3, 2, 2, 2, 3, 2, 2, 2, 3, 2, 2, 2, 2, 2, 3], "总体严重程度 (1–9)": [3, 4, 3, 5, 3, 6, 4, 4, 3, 5, 3, 4, 3, 5, 3, 4, 3, 4, 3, 5] }
97.
data = {
"专家编号": list (range (1, 21)),
"感染面积比例 (%)": [30, 35, 28, 40, 32, 42, 33, 38, 26, 45, 34, 40, 29, 43, 30, 41, 31, 39, 30, 42],
"病斑密度 (1–10)": [5, 6, 5, 7, 5, 8, 6, 6, 4, 8, 6, 7, 5, 8, 5, 7, 5, 7, 5, 8],
"孢子产生量 (1–5)": [3, 3, 3, 4, 3, 4, 3, 3, 2, 4, 3, 3, 3, 4, 3, 3, 3, 3, 3, 4],
"颜色鲜艳度 (1–5)": [3, 3, 3, 4, 3, 4, 3, 3, 2, 4, 3, 3, 3, 4, 3, 3, 3, 3, 3, 4],
"总体严重程度 (1–9)": [5, 6, 5, 7, 5, 8, 6, 6, 4, 8, 6, 7, 5, 8, 5, 7, 5, 7, 5, 8]
}
98.data = {
"专家编号": list (range (1, 21)),
"感染面积比例 (%)": [28, 32, 26, 35, 27, 36, 29, 33, 24, 38, 28, 34, 25, 37, 26, 35, 27, 34, 26, 36],
"病斑密度 (1–10)": [5, 6, 5, 7, 5, 7, 6, 6, 4, 7, 5, 6, 5, 7, 5, 6, 5, 6, 5, 7],
"孢子产生量 (1–5)": [3, 3, 3, 4, 3, 4, 3, 3, 2, 4, 3, 3, 3, 4, 3, 3, 3, 3, 3, 4],
"颜色鲜艳度 (1–5)": [3, 3, 3, 4, 3, 4, 3, 3, 2, 4, 3, 3, 3, 4, 3, 3, 3, 3, 3, 4],
"总体严重程度 (1–9)": [5, 6, 5, 7, 5, 7, 6, 6, 4, 7, 5, 6, 5, 7, 5, 6, 5, 6, 5, 7]
}
99.data = {
"专家编号": list (range (1, 21)),
"感染面积比例 (%)": [20, 22, 18, 25, 21, 26, 23, 24, 17, 27, 22, 25, 19, 28, 20, 26, 21, 24, 20, 27],
"病斑密度 (1–10)": [4, 5, 4, 6, 4, 6, 5, 5, 3, 7, 4, 6, 4, 7, 4, 6, 4, 5, 4, 6],
"孢子产生量 (1–5)": [2, 3, 2, 3, 2, 4, 3, 3, 2, 4, 2, 3, 2, 4, 2, 3, 2, 3, 2, 4],
"颜色鲜艳度 (1–5)": [2, 3, 2, 3, 2, 4, 3, 3, 2, 4, 2, 3, 2, 4, 2, 3, 2, 3, 2, 4],
"总体严重程度 (1–9)": [3, 4, 3, 5, 3, 6, 4, 4, 3, 6, 3, 5, 3, 6, 3, 5, 3, 4, 3, 5]
}
100.data = {
"专家编号": list (range (1, 21)),
"感染面积比例 (%)": [23, 27, 20, 30, 24, 32, 25, 28, 19, 33, 26, 30, 21, 34, 22, 31, 23, 29, 22, 32],
"病斑密度 (1–10)": [4, 5, 4, 6, 4, 7, 5, 6, 3, 7, 5, 6, 4, 7, 4, 6, 5, 6, 4, 7],
"孢子产生量 (1–5)": [3, 3, 2, 4, 2, 4, 3, 3, 2, 4, 3, 3, 2, 4, 2, 3, 3, 3, 2, 4],
"颜色鲜艳度 (1–5)": [3, 3, 2, 4, 2, 4, 3, 3, 2, 4, 3, 3, 2, 4, 2, 3, 3, 3, 2, 4],
"总体严重程度 (1–9)": [4, 5, 3, 6, 3, 6, 4, 5, 3, 6, 4, 5, 3, 6, 3, 5, 4, 5, 3, 6]
}