data = {
"专家编号": list (range (1, 21)),
"感染面积比例 (%)": [35, 40, 32, 45, 36, 48, 38, 42, 30, 50, 37, 43, 33, 46, 34, 44, 36, 43, 35, 45],
"病斑密度 (1–10)": [6, 7, 6, 8, 6, 9, 7, 7, 5, 9, 7, 8, 6, 9, 6, 8, 6, 8, 6, 9],
"孢子产生量 (1–5)": [3, 4, 3, 4, 3, 5, 4, 4, 3, 5, 4, 4, 3, 4, 3, 4, 3, 4, 3, 5],
"颜色鲜艳度 (1–5)": [3, 4, 3, 4, 3, 5, 4, 4, 3, 5, 4, 4, 3, 4, 3, 4, 3, 4, 3, 5],
"总体严重程度 (1–9)": [6, 7, 6, 8, 6, 9, 7, 7, 5, 9, 7, 8, 6, 9, 6, 8, 6, 8, 6, 9]
}
data = {
"专家编号": list (range (1, 21)),
"感染面积比例 (%)": [18, 22, 16, 25, 20, 27, 21, 24, 15, 28, 19, 26, 17, 29, 18, 27, 20, 25, 19, 28],
"病斑密度 (1–10)": [3, 4, 3, 5, 3, 6, 4, 4, 2, 7, 3, 5, 3, 6, 3, 5, 4, 4, 3, 6],
"孢子产生量 (1–5)": [2, 2, 2, 3, 2, 3, 2, 2, 2, 4, 2, 3, 2, 3, 2, 3, 2, 2, 2, 3],
"颜色鲜艳度 (1–5)": [2, 2, 2, 3, 2, 3, 2, 2, 2, 4, 2, 3, 2, 3, 2, 3, 2, 2, 2, 3],
"总体严重程度 (1–9)": [3, 4, 3, 5, 3, 6, 4, 4, 3, 6, 3, 5, 3, 6, 3, 5, 4, 4, 3, 6]
}
data = {
"专家编号": list (range (1, 21)),
"感染面积比例 (%)": [22, 26, 20, 28, 23, 30, 24, 27, 19, 31, 22, 29, 21, 32, 20, 30, 23, 28, 22, 31],
"病斑密度 (1–10)": [4, 5, 4, 6, 4, 7, 5, 6, 3, 7, 4, 6, 4, 7, 4, 6, 5, 6, 4, 7],
"孢子产生量 (1–5)": [3, 3, 2, 4, 2, 4, 3, 3, 2, 4, 3, 3, 2, 4, 2, 3, 3, 3, 2, 4],
"颜色鲜艳度 (1–5)": [3, 3, 2, 4, 2, 4, 3, 3, 2, 4, 3, 3, 2, 4, 2, 3, 3, 3, 2, 4],
"总体严重程度 (1–9)": [4, 5, 3, 6, 3, 6, 4, 5, 3, 6, 4, 5, 3, 6, 3, 5, 4, 5, 3, 6]
}
data = {
"专家编号": list (range (1, 21)),
"感染面积比例 (%)": [30, 33, 27, 36, 31, 38, 32, 35, 26, 40, 30, 37, 28, 39, 29, 37, 31, 36, 30, 38],
"病斑密度 (1–10)": [5, 6, 5, 7, 5, 8, 6, 6, 4, 8, 5, 7, 5, 8, 5, 7, 6, 6, 5, 8],
"孢子产生量 (1–5)": [3, 3, 3, 4, 3, 4, 3, 3, 2, 4, 3, 3, 3, 4, 3, 3, 3, 3, 3, 4],
"颜色鲜艳度 (1–5)": [3, 3, 3, 4, 3, 4, 3, 3, 2, 4, 3, 3, 3, 4, 3, 3, 3, 3, 3, 4],
"总体严重程度 (1–9)": [5, 6, 5, 7, 5, 8, 6, 6, 4, 8, 5, 7, 5, 8, 5, 7, 6, 6, 5, 8]
}
data = {
"专家编号": list (range (1, 21)),
"感染面积比例 (%)": [25, 28, 22, 30, 26, 32, 27, 29, 20, 33, 24, 31, 23, 34, 22, 32, 25, 30, 24, 33],
"病斑密度 (1–10)": [4, 5, 4, 6, 4, 7, 5, 6, 3, 7, 4, 6, 4, 7, 4, 6, 5, 6, 4, 7],
"孢子产生量 (1–5)": [3, 3, 2, 4, 2, 4, 3, 3, 2, 4, 3, 3, 2, 4, 2, 3, 3, 3, 2, 4],
"颜色鲜艳度 (1–5)": [3, 3, 2, 4, 2, 4, 3, 3, 2, 4, 3, 3, 2, 4, 2, 3, 3, 3, 2, 4],
"总体严重程度 (1–9)": [4, 5, 3, 6, 3, 6, 4, 5, 3, 6, 4, 5, 3, 6, 3, 5, 4, 5, 3, 6]
}data = {
"专家编号": list (range (1, 21)),
"感染面积比例 (%)": [5, 8, 6, 10, 7, 12, 8, 9, 4, 13, 6, 11, 5, 14, 6, 12, 7, 10, 6, 13],
"病斑密度 (1–10)": [2, 3, 2, 3, 2, 4, 3, 3, 1, 4, 2, 3, 2, 4, 2, 3, 2, 3, 2, 4],
"孢子产生量 (1–5)": [1, 1, 1, 2, 1, 2, 1, 1, 1, 2, 1, 1, 1, 2, 1, 1, 1, 1, 1, 2],
"颜色鲜艳度 (1–5)": [1, 1, 1, 2, 1, 2, 1, 1, 1, 2, 1, 1, 1, 2, 1, 1, 1, 1, 1, 2],
"总体严重程度 (1–9)": [2, 3, 2, 3, 2, 4, 3, 3, 2, 4, 2, 3, 2, 4, 2, 3, 2, 3, 2, 4]
}